Time,Time Relative [s],A32 (umol O2 L-1),A36 (umol O2 L-1),Overlay time segments
6/13/2018 13:25,201.489,114.7888468,0.943957995,1:42:26 PM
6/13/2018 13:25,202.56,119.8110586,1.487192131,1:44:58 PM
6/13/2018 13:25,203.632,116.3947857,1.5465848,1:47:00 PM
6/13/2018 13:25,204.702,117.5762047,2.183754599,1:49:02 PM
6/13/2018 13:25,205.772,115.2430404,2.736555693,1:51:04 PM
6/13/2018 13:25,206.844,115.5205436,2.903950262,1:53:06 PM
6/13/2018 13:25,207.915,115.4382876,3.033316959,1:55:08 PM
6/13/2018 13:25,208.985,118.7788123,4.156681711,1:57:10 PM
6/13/2018 13:25,210.056,117.6168302,4.557508059,1:59:12 PM
6/13/2018 13:25,211.126,115.6397333,4.335638074,2:01:14 PM
6/13/2018 13:25,212.197,116.8641863,4.657652121,2:03:16 PM
6/13/2018 13:25,213.268,115.8753199,5.269990442,2:08:48 PM
6/13/2018 13:25,214.341,116.3966064,5.074504155,2:13:50 PM
6/13/2018 13:25,215.412,115.6772868,5.164139634,
6/13/2018 13:25,216.484,115.5794506,5.740979387,
6/13/2018 13:25,217.557,115.6937807,6.320649411,
6/13/2018 13:25,218.63,114.6245924,6.838455846,
6/13/2018 13:25,219.7,116.3478868,7.172609834,
6/13/2018 13:25,220.772,116.4525452,7.836652879,
6/13/2018 13:25,221.841,115.810513,8.197549319,
6/13/2018 13:25,222.913,116.9913741,8.623384331,
6/13/2018 13:25,223.984,114.7416847,9.108552518,
6/13/2018 13:26,225.054,114.3024933,9.517999689,
6/13/2018 13:26,226.127,115.3031386,10.03436594,
6/13/2018 13:26,227.198,116.0138879,10.30900951,
6/13/2018 13:26,228.27,115.5155069,11.06279881,
6/13/2018 13:26,229.341,115.4659356,11.50408235,
6/13/2018 13:26,230.412,113.9275553,11.27130063,
6/13/2018 13:26,231.482,114.9646866,11.78091131,
6/13/2018 13:26,232.555,116.7046933,12.62836076,
6/13/2018 13:26,233.625,115.5761884,12.71563127,
6/13/2018 13:26,234.698,116.7357396,13.08719353,
6/13/2018 13:26,235.769,114.1400593,13.89085117,
6/13/2018 13:26,236.84,116.33636,13.46701004,
6/13/2018 13:26,237.911,113.1795405,13.70833398,
6/13/2018 13:26,238.984,114.9073202,14.00628571,
6/13/2018 13:26,240.056,112.0880183,14.71712219,
6/13/2018 13:26,241.128,115.4060916,14.49826521,
6/13/2018 13:26,242.199,116.0804202,15.39891431,
6/13/2018 13:26,243.271,114.3071646,15.82035021,
6/13/2018 13:26,244.343,113.4134932,16.4349283,
6/13/2018 13:26,245.414,113.6912649,16.50404237,
6/13/2018 13:26,246.487,113.0070703,16.62804986,
6/13/2018 13:26,247.557,114.1543639,17.24571485,
6/13/2018 13:26,248.63,115.0158459,17.9141369,
6/13/2018 13:26,249.705,115.2373867,17.66939558,
6/13/2018 13:26,250.775,115.2132003,18.13974421,
6/13/2018 13:26,251.847,115.3120309,18.66675043,
6/13/2018 13:26,252.917,113.1882244,18.71868345,
6/13/2018 13:26,253.986,113.6154224,18.70943442,
6/13/2018 13:26,255.057,116.7248203,20.51362968,
6/13/2018 13:26,256.128,114.2555094,19.88177168,
6/13/2018 13:26,257.2,111.0145716,19.89347996,
6/13/2018 13:26,258.272,114.2562723,21.36136631,
6/13/2018 13:26,259.344,115.9523601,22.57998769,
6/13/2018 13:26,260.417,113.8745676,22.48811691,
6/13/2018 13:26,261.489,113.4736095,22.93653176,
6/13/2018 13:26,262.561,114.7819689,23.67452085,
6/13/2018 13:26,263.633,115.6850723,24.40098849,
6/13/2018 13:26,264.705,115.6717603,24.66260623,
6/13/2018 13:26,265.777,114.7209853,24.51218147,
6/13/2018 13:26,266.849,115.6928512,25.08773102,
6/13/2018 13:26,267.921,114.6467149,25.43642338,
6/13/2018 13:26,268.991,113.0248711,25.27921966,
6/13/2018 13:26,270.064,112.214985,25.97097918,
6/13/2018 13:26,271.136,113.1946796,26.01416417,
6/13/2018 13:26,272.209,114.470131,26.60464489,
6/13/2018 13:26,273.279,113.9711536,27.0767398,
6/13/2018 13:26,274.348,115.4400395,26.98295493,
6/13/2018 13:26,275.421,113.7964798,27.64996655,
6/13/2018 13:26,276.489,113.4577733,26.87030421,
6/13/2018 13:26,277.562,112.1426634,26.78227542,
6/13/2018 13:26,278.634,116.4026211,28.7551124,
6/13/2018 13:26,279.704,112.5156297,28.77072299,
6/13/2018 13:26,280.775,112.9696509,28.66886713,
6/13/2018 13:26,281.847,113.3298661,29.08432084,
6/13/2018 13:26,282.92,115.4186814,29.71842178,
6/13/2018 13:26,283.993,111.7018372,29.62095655,
6/13/2018 13:27,285.062,111.9586153,30.49364897,
6/13/2018 13:27,286.134,113.0775413,30.2159019,
6/13/2018 13:27,287.206,113.3431641,31.12545465,
6/13/2018 13:27,288.278,113.6402866,31.48871211,
6/13/2018 13:27,289.35,114.0510083,32.8971157,
6/13/2018 13:27,290.421,112.535175,32.06982635,
6/13/2018 13:27,291.492,114.1527463,33.05871541,
6/13/2018 13:27,292.564,113.9239292,33.20086501,
6/13/2018 13:27,293.638,114.9094229,33.96236838,
6/13/2018 13:27,294.709,111.4893901,33.34570904,
6/13/2018 13:27,295.78,114.5668656,35.10822279,
6/13/2018 13:27,296.851,111.6764464,35.17957669,
6/13/2018 13:27,297.921,112.7490554,34.49481107,
6/13/2018 13:27,298.99,112.9676369,35.30305026,
6/13/2018 13:27,300.056,113.0841558,35.46560929,
6/13/2018 13:27,301.122,112.2243642,35.50474616,
6/13/2018 13:27,302.189,111.3265023,35.65407068,
6/13/2018 13:27,303.256,113.0688616,37.12316891,
6/13/2018 13:27,304.324,112.7874122,37.7487021,
6/13/2018 13:27,305.39,114.9769002,38.58140215,
6/13/2018 13:27,306.457,113.4717319,39.18435419,
6/13/2018 13:27,307.525,113.2537291,40.0799213,
6/13/2018 13:27,308.59,112.7792325,39.64728563,
6/13/2018 13:27,309.657,113.6563154,40.6523169,
6/13/2018 13:27,310.724,114.8763773,42.4017585,
6/13/2018 13:27,311.791,113.2623184,41.90728479,
6/13/2018 13:27,312.858,114.3111078,43.23303362,
6/13/2018 13:27,313.924,112.5618128,43.10679161,
6/13/2018 13:27,314.99,112.666057,42.98690273,
6/13/2018 13:27,316.056,113.8710805,44.04602142,
6/13/2018 13:27,317.128,115.2964007,45.0463886,
6/13/2018 13:27,318.2,115.6076011,45.21047892,
6/13/2018 13:27,319.27,115.6203505,45.51906851,
6/13/2018 13:27,320.34,114.350577,46.12077626,
6/13/2018 13:27,321.412,112.0880338,44.84195654,
6/13/2018 13:27,322.485,113.7903708,46.13597191,
6/13/2018 13:27,323.558,114.890208,47.04390413,
6/13/2018 13:27,324.628,114.1037735,46.38545212,
6/13/2018 13:27,325.701,113.0850658,46.01287491,
6/13/2018 13:27,326.772,113.0892545,45.78624661,
6/13/2018 13:27,327.842,112.894294,46.410577,
6/13/2018 13:27,328.912,113.8594574,47.5312821,
6/13/2018 13:27,329.983,111.5079119,47.18122339,
6/13/2018 13:27,331.054,112.3177509,47.28735769,
6/13/2018 13:27,332.125,112.3985054,47.57211212,
6/13/2018 13:27,333.196,114.1723397,48.73540698,
6/13/2018 13:27,334.268,113.6056179,49.52927985,
6/13/2018 13:27,335.339,113.3333287,49.1557992,
6/13/2018 13:27,336.409,114.0749128,50.52289349,
6/13/2018 13:27,337.48,111.4974547,49.48622846,
6/13/2018 13:27,338.551,113.3831769,51.15004971,
6/13/2018 13:27,339.621,113.1766691,51.48688048,
6/13/2018 13:27,340.694,113.2178691,50.80588323,
6/13/2018 13:27,341.764,113.5903573,52.30629064,
6/13/2018 13:27,342.835,111.7268582,50.52260337,
6/13/2018 13:27,343.908,110.1410712,50.26835604,
6/13/2018 13:28,344.979,110.2612978,51.36024846,
6/13/2018 13:28,346.049,112.3491692,52.01903014,
6/13/2018 13:28,347.119,114.1413363,52.89620201,
6/13/2018 13:28,348.191,111.7255086,52.84366451,
6/13/2018 13:28,349.263,112.5368423,53.66171597,
6/13/2018 13:28,350.334,111.1174953,54.43101361,
6/13/2018 13:28,351.405,116.7017414,57.45056889,
6/13/2018 13:28,352.477,111.6856867,55.28838994,
6/13/2018 13:28,353.549,110.0589717,54.84869821,
6/13/2018 13:28,354.619,112.7086825,55.97552513,
6/13/2018 13:28,355.69,112.9078085,56.03320253,
6/13/2018 13:28,356.761,113.4943906,57.12800711,
6/13/2018 13:28,357.831,111.8963702,56.40660396,
6/13/2018 13:28,358.904,111.6803863,58.25010549,
6/13/2018 13:28,359.976,111.135149,57.4071794,
6/13/2018 13:28,361.046,110.9866077,57.57972714,
6/13/2018 13:28,362.117,112.7651771,59.70106699,
6/13/2018 13:28,363.188,113.3852165,59.89456533,
6/13/2018 13:28,364.26,110.4386425,58.64748755,
6/13/2018 13:28,365.331,112.1216472,59.44585378,
6/13/2018 13:28,366.402,112.3473489,60.56158963,
6/13/2018 13:28,367.474,110.5846765,59.50479912,
6/13/2018 13:28,368.546,111.1869591,60.45542733,
6/13/2018 13:28,369.618,111.7301097,60.64715906,
6/13/2018 13:28,370.688,111.8254513,61.64568436,
6/13/2018 13:28,371.756,112.0011935,62.06924709,
6/13/2018 13:28,372.829,110.9378731,62.27782306,
6/13/2018 13:28,373.901,111.372546,62.48412095,
6/13/2018 13:28,374.972,111.9089811,63.12958219,
6/13/2018 13:28,376.045,112.0938295,64.64036168,
6/13/2018 13:28,377.116,112.1477419,64.49566924,
6/13/2018 13:28,378.188,112.2346363,64.27208243,
6/13/2018 13:28,379.26,114.7827498,66.52266741,
6/13/2018 13:28,380.333,110.7886106,64.80604463,
6/13/2018 13:28,381.404,109.8486264,65.98545137,
6/13/2018 13:28,382.474,111.2186408,67.02461945,
6/13/2018 13:28,383.546,110.9903839,67.6238155,
6/13/2018 13:28,384.617,111.1246442,67.19374042,
6/13/2018 13:28,385.689,110.1098199,67.99272045,
6/13/2018 13:28,386.76,110.570104,68.1477813,
6/13/2018 13:28,387.831,110.2907508,68.75912721,
6/13/2018 13:28,388.901,111.0006085,69.685032,
6/13/2018 13:28,389.973,113.2068973,70.47806136,
6/13/2018 13:28,391.045,111.5545962,70.30957671,
6/13/2018 13:28,392.116,111.4405772,71.52272017,
6/13/2018 13:28,393.188,111.258244,71.07010723,
6/13/2018 13:28,394.26,111.9460086,71.73291501,
6/13/2018 13:28,395.332,112.2351879,72.0243806,
6/13/2018 13:28,396.402,112.4034539,72.05514618,
6/13/2018 13:28,397.473,111.7409459,72.43609039,
6/13/2018 13:28,398.545,110.3476471,71.6819202,
6/13/2018 13:28,399.617,110.9601458,72.1073922,
6/13/2018 13:28,400.689,113.9602212,73.66959579,
6/13/2018 13:28,401.759,110.1001099,72.72098277,
6/13/2018 13:28,402.83,109.0597798,72.13959976,
6/13/2018 13:28,403.902,109.1735127,72.17022112,
6/13/2018 13:29,404.973,108.0202112,72.99968232,
6/13/2018 13:29,406.045,109.6991333,74.1456414,
6/13/2018 13:29,407.117,109.6975183,73.84458679,
6/13/2018 13:29,408.188,108.5016843,74.30303907,
6/13/2018 13:29,409.261,111.1562755,75.58894732,
6/13/2018 13:29,410.333,111.7159799,75.29866692,
6/13/2018 13:29,411.406,111.0094837,77.02671673,
6/13/2018 13:29,412.478,112.0726202,76.72172845,
6/13/2018 13:29,413.549,109.81163,75.6348706,
6/13/2018 13:29,414.618,109.6719247,76.85631076,
6/13/2018 13:29,415.689,108.8331213,77.40481983,
6/13/2018 13:29,416.761,110.7518085,77.67012266,
6/13/2018 13:29,417.833,109.3357557,77.10330027,
6/13/2018 13:29,418.905,111.8354178,78.9652283,
6/13/2018 13:29,419.977,110.1228315,80.35167422,
6/13/2018 13:29,421.048,111.3884136,79.33258308,
6/13/2018 13:29,422.12,113.6420937,81.49171874,
6/13/2018 13:29,423.191,112.1510251,82.05772812,
6/13/2018 13:29,424.263,112.1076371,82.73099107,
6/13/2018 13:29,425.337,108.5388457,80.76650928,
6/13/2018 13:29,426.41,109.4624647,81.61073059,
6/13/2018 13:29,427.481,110.8668838,82.65426876,
6/13/2018 13:29,428.553,112.1142572,84.32098601,
6/13/2018 13:29,429.625,110.8817869,83.65316605,
6/13/2018 13:29,430.696,109.7365431,82.76778844,
6/13/2018 13:29,431.767,108.3136854,83.14580053,
6/13/2018 13:29,432.839,111.7502883,83.48299879,
6/13/2018 13:29,433.913,111.2855136,84.31356899,
6/13/2018 13:29,434.984,111.6242188,86.50983667,
6/13/2018 13:29,436.056,108.9574339,85.10101516,
6/13/2018 13:29,437.127,109.8370029,86.17216397,
6/13/2018 13:29,438.199,109.8684613,85.68078985,
6/13/2018 13:29,439.27,110.5032584,87.13681222,
6/13/2018 13:29,440.342,111.9932491,89.39403867,
6/13/2018 13:29,441.414,110.3573801,88.43451061,
6/13/2018 13:29,442.486,112.1160719,89.81151655,
6/13/2018 13:29,443.558,112.9377888,91.03605708,
6/13/2018 13:29,444.629,110.9339826,90.26942013,
6/13/2018 13:29,445.699,110.0479696,89.49119143,
6/13/2018 13:29,446.77,110.5287402,90.64423517,
6/13/2018 13:29,447.842,109.7578914,88.49682362,
6/13/2018 13:29,448.913,109.1130861,89.73457456,
6/13/2018 13:29,449.983,109.3129983,90.70800743,
6/13/2018 13:29,451.055,109.9470173,90.83397189,
6/13/2018 13:29,452.126,110.7517368,92.60275702,
6/13/2018 13:29,453.2,111.1713915,92.4593796,
6/13/2018 13:29,454.27,110.9549007,92.35423709,
6/13/2018 13:29,455.341,112.0535655,94.68320367,
6/13/2018 13:29,456.411,108.4161661,92.65049388,
6/13/2018 13:29,457.481,110.2572136,94.40616997,
6/13/2018 13:29,458.551,110.1599694,94.38978737,
6/13/2018 13:29,459.623,109.44111,93.97024717,
6/13/2018 13:29,460.694,109.5547534,93.04349931,
6/13/2018 13:29,461.764,111.4538615,95.40934019,
6/13/2018 13:29,462.835,111.6696363,95.73716689,
6/13/2018 13:29,463.906,110.7235136,95.34105324,
6/13/2018 13:30,464.978,111.2568459,95.70566605,
6/13/2018 13:30,466.05,110.9537528,95.81369473,
6/13/2018 13:30,467.123,111.5087586,96.96895554,
6/13/2018 13:30,468.193,110.7701664,97.5104442,
6/13/2018 13:30,469.266,110.2441764,98.02968923,
6/13/2018 13:30,470.336,110.0989239,97.10459199,
6/13/2018 13:30,471.407,109.4911276,98.54187293,
6/13/2018 13:30,472.475,112.3695644,101.1273921,
6/13/2018 13:30,473.547,111.9359996,100.8773258,
6/13/2018 13:30,474.619,109.1505543,99.26937329,
6/13/2018 13:30,475.69,109.7094784,98.76978799,
6/13/2018 13:30,476.76,111.7561714,102.1821605,
6/13/2018 13:30,477.831,109.91747,102.0611075,
6/13/2018 13:30,478.903,110.4402238,101.5404458,
6/13/2018 13:30,479.974,111.1012139,102.6774067,
6/13/2018 13:30,481.048,113.3090952,105.2668564,
6/13/2018 13:30,482.119,110.976302,103.6286893,
6/13/2018 13:30,483.19,110.8965574,102.8414141,
6/13/2018 13:30,484.262,110.8177851,103.9954114,
6/13/2018 13:30,485.334,110.4113735,102.9918129,
6/13/2018 13:30,486.405,111.3782997,104.3244308,
6/13/2018 13:30,487.478,110.7710294,104.9767092,
6/13/2018 13:30,488.549,109.2672234,103.9796799,
6/13/2018 13:30,489.621,112.1840884,106.3553168,
6/13/2018 13:30,490.687,110.3771964,105.0514192,
6/13/2018 13:30,491.753,110.6583611,106.6263276,
6/13/2018 13:30,492.819,110.5614396,105.5596968,
6/13/2018 13:30,493.885,108.3347357,104.4715137,
6/13/2018 13:30,494.955,108.9089588,105.3657857,
6/13/2018 13:30,496.028,111.3523816,107.9676119,
6/13/2018 13:30,497.101,109.2176625,106.1950119,
6/13/2018 13:30,498.171,112.4694798,109.315818,
6/13/2018 13:30,499.242,110.5892494,110.621333,
6/13/2018 13:30,500.316,112.0894217,110.5449924,
6/13/2018 13:30,501.388,111.3150074,111.8024753,
6/13/2018 13:30,502.459,112.1616664,111.1173782,
6/13/2018 13:30,503.532,112.8583611,113.6748214,
6/13/2018 13:30,504.604,109.8363837,111.1509773,
6/13/2018 13:30,505.676,111.395432,112.0379147,
6/13/2018 13:30,506.747,111.4398668,113.4033926,
6/13/2018 13:30,507.818,110.4572151,111.4771093,
6/13/2018 13:30,508.889,111.5086079,113.528196,
6/13/2018 13:30,509.961,112.2367872,114.8104603,
6/13/2018 13:30,511.033,112.4231291,115.8919455,
6/13/2018 13:30,512.105,110.8902758,115.2359654,
6/13/2018 13:30,513.177,111.7834876,113.714787,
6/13/2018 13:30,514.244,112.4467959,115.6173622,
6/13/2018 13:30,515.311,109.8622047,112.823763,
6/13/2018 13:30,516.383,112.8751467,116.5751553,
6/13/2018 13:30,517.45,110.8959476,116.594261,
6/13/2018 13:30,518.517,109.6843737,114.4034606,
6/13/2018 13:30,519.583,110.5630849,117.1217,
6/13/2018 13:30,520.651,110.9689515,118.2889472,
6/13/2018 13:30,521.722,111.1668545,118.1868434,
6/13/2018 13:30,522.793,110.2740008,118.1406342,
6/13/2018 13:30,523.865,111.1376261,119.0081607,
6/13/2018 13:31,524.936,113.0370492,121.0626546,
6/13/2018 13:31,526.008,110.9039821,120.3149355,
6/13/2018 13:31,527.079,114.3352268,124.6236885,
6/13/2018 13:31,528.149,115.35554,125.4776674,
6/13/2018 13:31,529.22,110.9673306,121.4340255,
6/13/2018 13:31,530.291,112.0195157,122.6218856,
6/13/2018 13:31,531.364,111.520186,123.0446362,
6/13/2018 13:31,532.435,111.2464374,124.2001506,
6/13/2018 13:31,533.506,109.9360717,123.0512339,
6/13/2018 13:31,534.577,110.1670534,123.3235694,
6/13/2018 13:31,535.648,111.6024057,124.1618393,
6/13/2018 13:31,536.721,112.5228389,126.303411,
6/13/2018 13:31,537.792,112.0066625,125.271209,
6/13/2018 13:31,538.863,111.8860007,125.29785,
6/13/2018 13:31,539.934,111.0040049,126.3210012,
6/13/2018 13:31,541.008,112.0432218,125.9819252,
6/13/2018 13:31,542.079,110.942464,124.2359145,
6/13/2018 13:31,543.149,110.4678968,123.7693584,
6/13/2018 13:31,544.221,110.8578878,124.9223,
6/13/2018 13:31,545.291,112.8890781,125.9664064,
6/13/2018 13:31,546.362,110.4016448,122.8929109,
6/13/2018 13:31,547.434,114.1105307,126.7514672,
6/13/2018 13:31,548.505,112.4409602,125.8148255,
6/13/2018 13:31,549.577,111.2667289,124.052088,
6/13/2018 13:31,550.647,110.6815806,124.3286999,
6/13/2018 13:31,551.717,109.1631411,121.4334234,
6/13/2018 13:31,552.787,111.4049551,125.0188513,
6/13/2018 13:31,553.859,112.3853581,125.9847613,
6/13/2018 13:31,554.93,112.184923,126.0248579,
6/13/2018 13:31,556.003,113.5238927,126.5762473,
6/13/2018 13:31,557.074,112.3982381,125.4259803,
6/13/2018 13:31,558.144,111.850517,126.053972,
6/13/2018 13:31,559.216,114.3195287,127.8502334,
6/13/2018 13:31,560.288,112.7837391,127.1253607,
6/13/2018 13:31,561.357,113.121329,126.9989992,
6/13/2018 13:31,562.428,112.8459553,127.5140523,
6/13/2018 13:31,563.5,111.2647076,123.181793,
6/13/2018 13:31,564.573,113.020582,126.711792,
6/13/2018 13:31,565.645,110.348124,123.7655428,
6/13/2018 13:31,566.713,111.7495288,124.4625897,
6/13/2018 13:31,567.784,115.4341326,128.4061533,
6/13/2018 13:31,568.855,112.0224527,126.4684463,
6/13/2018 13:31,569.927,113.8221016,127.6346583,
6/13/2018 13:31,570.998,114.4645968,129.1245672,
6/13/2018 13:31,572.069,111.5644988,125.2692419,
6/13/2018 13:31,573.14,112.4123244,126.6924442,
6/13/2018 13:31,574.21,111.7053927,126.0851076,
6/13/2018 13:31,575.281,112.8310412,127.4886537,
6/13/2018 13:31,576.351,114.7305594,128.903219,
6/13/2018 13:31,577.422,112.3799281,127.2844816,
6/13/2018 13:31,578.492,116.2312752,130.8232472,
6/13/2018 13:31,579.563,115.9922251,130.5259814,
6/13/2018 13:31,580.634,113.4864847,127.7498063,
6/13/2018 13:31,581.703,111.657321,125.2988465,
6/13/2018 13:31,582.774,115.391466,128.8513912,
6/13/2018 13:31,583.846,112.3750114,126.2889078,
6/13/2018 13:32,584.917,115.5772198,128.8767575,
6/13/2018 13:32,585.989,113.8617064,127.5987279,
6/13/2018 13:32,587.06,113.7530927,128.7880326,
6/13/2018 13:32,588.133,114.7483405,128.9354672,
6/13/2018 13:32,589.205,113.3341942,127.3304199,
6/13/2018 13:32,590.276,114.1290119,129.3037841,
6/13/2018 13:32,591.348,112.5282107,125.4041508,
6/13/2018 13:32,592.418,113.7803177,127.8207384,
6/13/2018 13:32,593.488,113.2675558,126.5099491,
6/13/2018 13:32,594.558,111.599545,126.3412264,
6/13/2018 13:32,595.629,113.5325972,128.2191754,
6/13/2018 13:32,596.7,112.6747394,126.847931,
6/13/2018 13:32,597.773,114.7630073,128.844186,
6/13/2018 13:32,598.844,114.2658764,129.4381244,
6/13/2018 13:32,599.915,114.4379461,128.4091886,
6/13/2018 13:32,600.987,114.1541325,128.9747785,
6/13/2018 13:32,602.058,113.5003299,127.6478641,
6/13/2018 13:32,603.131,113.7531796,128.3054445,
6/13/2018 13:32,604.202,114.81258,127.5480075,
6/13/2018 13:32,605.273,114.9726716,129.8376141,
6/13/2018 13:32,606.343,115.6876945,130.4123214,
6/13/2018 13:32,607.413,115.9395598,130.0547096,
6/13/2018 13:32,608.484,116.6531722,130.2684906,
6/13/2018 13:32,609.553,113.5135183,128.0204377,
6/13/2018 13:32,610.618,115.3426464,129.0714215,
6/13/2018 13:32,611.683,113.3172779,125.4124701,
6/13/2018 13:32,612.749,113.4523971,127.3745791,
6/13/2018 13:32,613.813,112.7662973,125.3382394,
6/13/2018 13:32,614.88,114.066591,127.5548808,
6/13/2018 13:32,615.944,114.445861,126.4212331,
6/13/2018 13:32,617.009,115.0545425,128.3942289,
6/13/2018 13:32,618.074,118.7284252,131.7242681,
6/13/2018 13:32,619.139,115.04918,126.9168687,
6/13/2018 13:32,620.204,115.9169259,128.8510399,
6/13/2018 13:32,621.271,114.7133992,127.2719057,
6/13/2018 13:32,622.336,113.5913524,126.0106179,
6/13/2018 13:32,623.404,113.117908,124.155841,
6/13/2018 13:32,624.472,114.1250745,126.6054088,
6/13/2018 13:32,625.538,115.4843385,125.3534406,
6/13/2018 13:32,626.602,114.7679959,126.8309428,
6/13/2018 13:32,627.668,113.4351332,126.6341124,
6/13/2018 13:32,628.733,116.9906573,129.4884416,
6/13/2018 13:32,629.798,114.3389812,124.3368353,
6/13/2018 13:32,630.862,112.2762413,124.410975,
6/13/2018 13:32,631.928,114.0190826,125.5745935,
6/13/2018 13:32,632.994,114.6393695,126.9458126,
6/13/2018 13:32,634.059,113.8582779,124.1822218,
6/13/2018 13:32,635.125,115.7900352,127.7114673,
6/13/2018 13:32,636.191,115.002767,126.5093907,
6/13/2018 13:32,637.257,113.4922543,123.7140374,
6/13/2018 13:32,638.326,115.060344,126.727715,
6/13/2018 13:32,639.396,114.7858983,125.8060094,
6/13/2018 13:32,640.462,115.5480478,126.0746987,
6/13/2018 13:32,641.527,113.7966742,126.2662461,
6/13/2018 13:32,642.593,113.6609119,124.8221735,
6/13/2018 13:32,643.664,117.6592225,128.9608608,
6/13/2018 13:33,644.736,113.6612684,124.0614623,
6/13/2018 13:33,645.806,114.2761491,124.5997728,
6/13/2018 13:33,646.879,115.5475542,126.886454,
6/13/2018 13:33,647.95,112.5332425,122.9551417,
6/13/2018 13:33,649.022,117.6202933,127.5726768,
6/13/2018 13:33,650.094,113.1553673,123.1241271,
6/13/2018 13:33,651.166,114.0008557,124.0763664,
6/13/2018 13:33,652.237,115.8888484,126.0918961,
6/13/2018 13:33,653.309,112.0667898,121.6942053,
6/13/2018 13:33,654.379,111.7814311,122.1503477,
6/13/2018 13:33,655.448,112.5845507,122.5813786,
6/13/2018 13:33,656.519,112.8773883,121.9133218,
6/13/2018 13:33,657.593,113.8993618,122.1904179,
6/13/2018 13:33,658.665,113.9746309,122.7294476,
6/13/2018 13:33,659.737,112.6613394,122.7951632,
6/13/2018 13:33,660.809,112.9649649,120.8097114,
6/13/2018 13:33,661.879,115.0204601,123.8640796,
6/13/2018 13:33,662.95,114.493139,124.9137437,
6/13/2018 13:33,664.021,115.7256027,123.8822137,
6/13/2018 13:33,665.092,113.8227161,123.0536736,
6/13/2018 13:33,666.161,113.1320965,123.7395116,
6/13/2018 13:33,667.234,113.8834977,123.8548287,
6/13/2018 13:33,668.306,113.6516482,122.6255923,
6/13/2018 13:33,669.377,112.7613359,122.0334536,
6/13/2018 13:33,670.447,112.1943452,122.1027097,
6/13/2018 13:33,671.519,114.6525991,123.8815672,
6/13/2018 13:33,672.593,113.4585683,122.4269775,
6/13/2018 13:33,673.664,114.1528381,123.5488484,
6/13/2018 13:33,674.735,114.0701224,122.6133606,
6/13/2018 13:33,675.806,113.4394144,122.9301035,
6/13/2018 13:33,676.877,113.3518354,119.920804,
6/13/2018 13:33,677.947,111.3091699,119.2954882,
6/13/2018 13:33,679.017,111.7595793,120.4466148,
6/13/2018 13:33,680.089,113.3895996,120.2019445,
6/13/2018 13:33,681.16,112.1423762,118.2663453,
6/13/2018 13:33,682.231,112.8037716,122.0842623,
6/13/2018 13:33,683.303,113.0763745,120.6993396,
6/13/2018 13:33,684.372,113.6854219,121.8509413,
6/13/2018 13:33,685.446,114.1942792,121.1889049,
6/13/2018 13:33,686.518,113.4152519,122.4200231,
6/13/2018 13:33,687.59,112.9633259,119.7297616,
6/13/2018 13:33,688.661,114.3630969,123.9084697,
6/13/2018 13:33,689.734,114.7568443,122.3776519,
6/13/2018 13:33,690.804,113.386618,121.6719138,
6/13/2018 13:33,691.869,113.1993842,120.7641019,
6/13/2018 13:33,692.934,116.8304545,124.5992284,
6/13/2018 13:33,693.998,114.2088103,121.8541379,
6/13/2018 13:33,695.064,112.4225385,120.0123272,
6/13/2018 13:33,696.129,115.163998,122.6508906,
6/13/2018 13:33,697.194,113.5394995,122.7748657,
6/13/2018 13:33,698.26,113.8249793,122.7615687,
6/13/2018 13:33,699.325,114.4202361,122.8548248,
6/13/2018 13:33,700.39,114.4736312,123.5268537,
6/13/2018 13:33,701.455,115.0202356,123.7127003,
6/13/2018 13:33,702.519,115.88789,123.4048202,
6/13/2018 13:33,703.589,112.5536071,122.1860082,
6/13/2018 13:34,704.662,113.3385945,122.2873752,
6/13/2018 13:34,705.732,113.4163685,120.3938629,
6/13/2018 13:34,706.799,113.0853946,119.827765,
6/13/2018 13:34,707.864,111.8271806,117.8959865,
6/13/2018 13:34,708.928,112.2114169,118.2682488,
6/13/2018 13:34,709.993,113.2858719,119.3984572,
6/13/2018 13:34,711.058,113.6740783,121.5513209,
6/13/2018 13:34,712.125,112.4907158,119.46502,
6/13/2018 13:34,713.191,113.2985295,119.5184664,
6/13/2018 13:34,714.256,114.3320164,120.3593487,
6/13/2018 13:34,715.322,113.4119344,120.0617037,
6/13/2018 13:34,716.387,112.9758362,118.9402857,
6/13/2018 13:34,717.451,111.1786363,117.6622385,
6/13/2018 13:34,718.517,115.5803857,121.9443272,
6/13/2018 13:34,719.581,110.7374162,118.3867905,
6/13/2018 13:34,720.646,110.89469,118.8407412,
6/13/2018 13:34,721.711,112.9215134,119.7224322,
6/13/2018 13:34,722.777,114.1688315,119.6029935,
6/13/2018 13:34,723.843,115.5825039,121.8574159,
6/13/2018 13:34,724.909,114.2352795,121.5824013,
6/13/2018 13:34,725.979,112.2026393,120.0806249,
6/13/2018 13:34,727.053,114.527287,122.1257317,
6/13/2018 13:34,728.12,115.4797738,122.5537823,
6/13/2018 13:34,729.185,115.2788886,122.8157595,
6/13/2018 13:34,730.249,112.4517927,119.4895428,
6/13/2018 13:34,731.314,113.2116324,119.7727019,
6/13/2018 13:34,732.38,111.5154233,117.0836416,
6/13/2018 13:34,733.445,113.2713357,119.4999013,
6/13/2018 13:34,734.513,113.5721958,120.02626,
6/13/2018 13:34,735.58,113.2636727,119.7086744,
6/13/2018 13:34,736.647,112.880098,118.6035385,
6/13/2018 13:34,737.712,112.3789649,118.2337995,
6/13/2018 13:34,738.777,113.169782,117.3743752,
6/13/2018 13:34,739.843,113.2821873,118.2704324,
6/13/2018 13:34,740.908,113.1435449,116.8629441,
6/13/2018 13:34,741.974,112.0827315,117.3626707,
6/13/2018 13:34,743.037,113.6745251,119.3101377,
6/13/2018 13:34,744.102,111.9035777,117.2371685,
6/13/2018 13:34,745.166,113.4821064,118.2914431,
6/13/2018 13:34,746.237,113.0426515,118.3448313,
6/13/2018 13:34,747.307,111.9016241,116.0631815,
6/13/2018 13:34,748.373,113.0826137,118.0048478,
6/13/2018 13:34,749.437,111.5928599,116.4376612,
6/13/2018 13:34,750.502,112.478008,117.5112613,
6/13/2018 13:34,751.568,114.0541665,118.0219179,
6/13/2018 13:34,752.639,114.2260363,118.8703154,
6/13/2018 13:34,753.709,112.7818654,117.9310189,
6/13/2018 13:34,754.781,111.8580802,117.4733178,
6/13/2018 13:34,755.852,114.0677836,118.7441157,
6/13/2018 13:34,756.922,111.8770584,117.7895146,
6/13/2018 13:34,757.99,114.2114058,118.7753264,
6/13/2018 13:34,759.056,112.6044301,116.5961867,
6/13/2018 13:34,760.121,114.4893811,119.5511625,
6/13/2018 13:34,761.186,115.8238595,120.5559787,
6/13/2018 13:34,762.253,114.5484423,118.6878173,
6/13/2018 13:34,763.317,112.3091167,117.3667097,
6/13/2018 13:34,764.384,112.9521973,118.8518407,
6/13/2018 13:35,765.448,113.6823184,118.0473084,
6/13/2018 13:35,766.513,113.2995163,118.0875608,
6/13/2018 13:35,767.578,113.1868448,118.1357094,
6/13/2018 13:35,768.644,113.707019,117.346014,
6/13/2018 13:35,769.716,110.0659474,116.2340057,
6/13/2018 13:35,770.786,112.490062,116.3141774,
6/13/2018 13:35,771.854,113.4306032,117.5982445,
6/13/2018 13:35,772.919,114.3952293,118.830995,
6/13/2018 13:35,773.985,112.1851123,117.416446,
6/13/2018 13:35,775.049,113.482891,116.4156008,
6/13/2018 13:35,776.114,112.5880456,118.1547944,
6/13/2018 13:35,777.18,111.9545348,117.1554017,
6/13/2018 13:35,778.245,113.4107295,117.2908009,
6/13/2018 13:35,779.309,114.9387684,118.7714987,
6/13/2018 13:35,780.374,112.7894439,118.1545268,
6/13/2018 13:35,781.438,112.2180047,116.303038,
6/13/2018 13:35,782.502,111.4915274,115.5414766,
6/13/2018 13:35,783.569,112.0940204,115.3822006,
6/13/2018 13:35,784.633,112.2261665,115.3124343,
6/13/2018 13:35,785.699,116.394318,118.4504711,
6/13/2018 13:35,786.763,114.2027458,116.1422973,
6/13/2018 13:35,787.827,114.6683774,117.8066608,
6/13/2018 13:35,788.892,110.2204179,113.6773847,
6/13/2018 13:35,789.957,112.7047883,116.5426193,
6/13/2018 13:35,791.024,114.2957305,117.2843138,
6/13/2018 13:35,792.089,110.9783515,114.1857216,
6/13/2018 13:35,793.154,113.672759,116.0650161,
6/13/2018 13:35,794.219,113.5545388,115.6844335,
6/13/2018 13:35,795.284,111.5388055,114.211723,
6/13/2018 13:35,796.35,113.4605948,115.6731903,
6/13/2018 13:35,797.414,114.5733461,117.2395248,
6/13/2018 13:35,798.48,110.8909537,113.8279758,
6/13/2018 13:35,799.545,114.6900452,117.6540493,
6/13/2018 13:35,800.611,112.2332901,114.898306,
6/13/2018 13:35,801.68,112.2002122,114.1366552,
6/13/2018 13:35,802.752,115.215204,117.5307011,
6/13/2018 13:35,803.821,114.7157064,116.9293037,
6/13/2018 13:35,804.886,112.0462226,116.6462676,
6/13/2018 13:35,805.951,112.2689478,114.8132016,
6/13/2018 13:35,807.016,113.4712245,114.6578225,
6/13/2018 13:35,808.081,113.4447565,116.7500927,
6/13/2018 13:35,809.147,112.4897524,114.872239,
6/13/2018 13:35,810.212,113.8669901,116.0667456,
6/13/2018 13:35,811.276,111.878688,113.7826517,
6/13/2018 13:35,812.342,112.1335039,114.6179308,
6/13/2018 13:35,813.408,111.6187942,115.1748011,
6/13/2018 13:35,814.475,109.6495458,112.4978632,
6/13/2018 13:35,815.542,111.7671355,114.6131462,
6/13/2018 13:35,816.608,111.1599169,113.2514171,
6/13/2018 13:35,817.674,113.2546407,115.3565337,
6/13/2018 13:35,818.739,113.6170863,116.7104575,
6/13/2018 13:35,819.805,114.5208773,117.0376191,
6/13/2018 13:35,820.87,114.5635066,117.0733564,
6/13/2018 13:35,821.934,113.659581,115.0748869,
6/13/2018 13:35,823.001,111.9334319,115.3763719,
6/13/2018 13:35,824.065,112.3777976,116.4738849,
6/13/2018 13:36,825.131,112.8796401,116.2836439,
6/13/2018 13:36,826.196,113.3933903,115.2282012,
6/13/2018 13:36,827.263,111.3005997,114.1619872,
6/13/2018 13:36,828.327,110.9147389,114.722843,
6/13/2018 13:36,829.393,111.0606759,113.2113225,
6/13/2018 13:36,830.459,113.210515,115.1552087,
6/13/2018 13:36,831.525,109.9520695,112.1797001,
6/13/2018 13:36,832.592,109.5295961,112.4091445,
6/13/2018 13:36,833.658,112.8016589,115.2732394,
6/13/2018 13:36,834.724,114.898108,117.857274,
6/13/2018 13:36,835.79,111.4091554,113.4478915,
6/13/2018 13:36,836.854,113.0037083,114.8115365,
6/13/2018 13:36,837.919,114.6500897,117.2293575,
6/13/2018 13:36,838.985,113.6656259,115.0442554,
6/13/2018 13:36,840.053,112.1898836,114.396352,
6/13/2018 13:36,841.124,111.4674683,113.8580369,
6/13/2018 13:36,842.195,112.7972133,115.6310401,
6/13/2018 13:36,843.266,115.3017472,116.6755281,
6/13/2018 13:36,844.331,112.1758429,114.3247203,
6/13/2018 13:36,845.398,112.8758646,113.0728008,
6/13/2018 13:36,846.462,113.2867435,114.4371435,
6/13/2018 13:36,847.529,111.7753143,113.7136666,
6/13/2018 13:36,848.593,111.6788268,111.6306395,
6/13/2018 13:36,849.657,112.203887,113.7784808,
6/13/2018 13:36,850.723,114.8647079,115.5455588,
6/13/2018 13:36,851.788,114.0835318,114.6239811,
6/13/2018 13:36,852.854,111.9776621,113.1138146,
6/13/2018 13:36,853.92,112.3141466,112.7660693,
6/13/2018 13:36,854.986,112.5466825,113.5695386,
6/13/2018 13:36,856.053,113.7828431,114.0830459,
6/13/2018 13:36,857.119,114.15814,114.7156134,
6/13/2018 13:36,858.185,112.0450197,114.1838167,
6/13/2018 13:36,859.25,111.7756459,113.7718411,
6/13/2018 13:36,860.316,114.1272556,114.8619911,
6/13/2018 13:36,861.382,112.5707982,113.5845733,
6/13/2018 13:36,862.447,111.4251157,112.6334622,
6/13/2018 13:36,863.512,113.5750527,115.1959922,
6/13/2018 13:36,864.576,111.9242864,112.0481506,
6/13/2018 13:36,865.641,111.1500816,113.0549408,
6/13/2018 13:36,866.71,112.679635,113.5394148,
6/13/2018 13:36,867.78,115.0516284,115.6326776,
6/13/2018 13:36,868.852,112.3212727,112.1587945,
6/13/2018 13:36,869.919,112.0211208,113.1456869,
6/13/2018 13:36,870.985,112.7367624,112.6733905,
6/13/2018 13:36,872.05,112.2954684,113.0000695,
6/13/2018 13:36,873.115,112.0139589,112.0290788,
6/13/2018 13:36,874.182,111.2490236,111.3849019,
6/13/2018 13:36,875.246,112.579217,113.485895,
6/13/2018 13:36,876.311,112.8518094,112.4096847,
6/13/2018 13:36,877.377,111.140868,112.4082626,
6/13/2018 13:36,878.442,113.0957835,112.0790707,
6/13/2018 13:36,879.508,112.7902645,114.2077845,
6/13/2018 13:36,880.574,114.2839015,114.2193192,
6/13/2018 13:36,881.639,111.3423361,111.0610729,
6/13/2018 13:36,882.707,113.7966938,114.0658215,
6/13/2018 13:36,883.778,113.5871628,113.7864815,
6/13/2018 13:37,884.846,113.1919314,113.5170792,
6/13/2018 13:37,885.912,113.6271052,114.1903119,
6/13/2018 13:37,886.978,112.8273346,113.0205117,
6/13/2018 13:37,888.043,112.7558438,112.8457278,
6/13/2018 13:37,889.107,111.7263194,111.8953565,
6/13/2018 13:37,890.173,112.8900865,111.4032251,
6/13/2018 13:37,891.237,112.8385438,112.1974357,
6/13/2018 13:37,892.303,112.3872943,113.6716632,
6/13/2018 13:37,893.367,112.8853925,111.8992384,
6/13/2018 13:37,894.434,111.00181,110.4510616,
6/13/2018 13:37,895.5,113.2240818,113.0056277,
6/13/2018 13:37,896.567,112.7045551,113.1185633,
6/13/2018 13:37,897.633,111.3125856,110.8502075,
6/13/2018 13:37,898.699,111.8992368,109.8948325,
6/13/2018 13:37,899.764,111.6178481,110.3734859,
6/13/2018 13:37,900.83,110.7748142,110.807129,
6/13/2018 13:37,901.901,114.0883751,112.8590623,
6/13/2018 13:37,902.967,110.0417635,109.0819415,
6/13/2018 13:37,904.032,111.0288936,109.8213829,
6/13/2018 13:37,905.097,109.8904969,109.9839492,
6/13/2018 13:37,906.164,110.691929,110.1752175,
6/13/2018 13:37,907.23,111.8387977,111.3506586,
6/13/2018 13:37,908.296,114.105253,112.2573809,
6/13/2018 13:37,909.362,113.9224488,112.3635153,
6/13/2018 13:37,910.428,111.3893017,109.8099438,
6/13/2018 13:37,911.495,110.5829997,110.4936058,
6/13/2018 13:37,912.56,111.9720293,110.2550639,
6/13/2018 13:37,913.624,111.1260623,109.6704092,
6/13/2018 13:37,914.689,109.1702244,107.0653173,
6/13/2018 13:37,915.755,109.6580238,108.0603028,
6/13/2018 13:37,916.82,113.7087713,111.0205166,
6/13/2018 13:37,917.889,111.9405682,110.7677471,
6/13/2018 13:37,918.954,113.1293676,108.9589509,
6/13/2018 13:37,920.019,113.0171806,110.3412844,
6/13/2018 13:37,921.083,109.8089629,106.6663655,
6/13/2018 13:37,922.151,111.0331004,108.84368,
6/13/2018 13:37,923.222,110.4339784,107.1950314,
6/13/2018 13:37,924.289,113.6024082,110.4454628,
6/13/2018 13:37,925.355,113.0810379,112.0195364,
6/13/2018 13:37,926.42,112.3385008,110.787766,
6/13/2018 13:37,927.485,115.1012198,112.0433708,
6/13/2018 13:37,928.55,111.8507462,110.8361878,
6/13/2018 13:37,929.616,113.3915021,110.8252361,
6/13/2018 13:37,930.681,110.8253389,109.3474177,
6/13/2018 13:37,931.745,114.9151463,112.5271889,
6/13/2018 13:37,932.81,110.6751707,109.2115467,
6/13/2018 13:37,933.878,111.547341,110.076061,
6/13/2018 13:37,934.944,109.0176548,107.4843664,
6/13/2018 13:37,936.008,112.2758437,110.261847,
6/13/2018 13:37,937.073,110.8351301,109.5867275,
6/13/2018 13:37,938.139,111.5020306,108.8383243,
6/13/2018 13:37,939.204,112.3102923,109.224737,
6/13/2018 13:37,940.269,111.1207596,110.2781608,
6/13/2018 13:37,941.335,111.6239942,109.1825417,
6/13/2018 13:37,942.4,112.1678254,109.5218024,
6/13/2018 13:37,943.467,112.1874787,109.5282508,
6/13/2018 13:37,944.533,111.6458515,109.2806643,
6/13/2018 13:38,945.599,112.5068449,109.1694179,
6/13/2018 13:38,946.666,111.577506,110.189629,
6/13/2018 13:38,947.732,113.4113907,110.3040072,
6/13/2018 13:38,948.799,113.5582543,111.1473036,
6/13/2018 13:38,949.863,114.0786582,111.2874428,
6/13/2018 13:38,950.928,110.7196278,109.5966211,
6/13/2018 13:38,951.995,114.0842643,110.7930243,
6/13/2018 13:38,953.06,113.7937591,110.7688777,
6/13/2018 13:38,954.128,112.1465402,109.4172294,
6/13/2018 13:38,955.195,111.1193093,109.4612471,
6/13/2018 13:38,956.264,112.8285839,108.8524729,
6/13/2018 13:38,957.334,112.6042783,109.3953542,
6/13/2018 13:38,958.405,111.599417,108.4423737,
6/13/2018 13:38,959.476,110.3427987,107.0711532,
6/13/2018 13:38,960.546,110.9000679,107.2936651,
6/13/2018 13:38,961.617,112.4016048,109.2349988,
6/13/2018 13:38,962.688,111.8866586,108.6005465,
6/13/2018 13:38,963.759,111.4942056,107.2684937,
6/13/2018 13:38,964.83,111.3793006,107.6171994,
6/13/2018 13:38,965.901,110.7281812,106.7107459,
6/13/2018 13:38,966.973,110.4908629,106.4398878,
6/13/2018 13:38,968.046,112.5304009,106.938474,
6/13/2018 13:38,969.117,111.6717676,107.9114064,
6/13/2018 13:38,970.189,112.7671102,108.9801562,
6/13/2018 13:38,971.261,111.9309711,106.5649041,
6/13/2018 13:38,972.332,112.2441555,106.4597911,
6/13/2018 13:38,973.403,112.8859681,107.2065235,
6/13/2018 13:38,974.474,110.2067662,104.7425929,
6/13/2018 13:38,975.545,110.5655221,105.6430837,
6/13/2018 13:38,976.617,109.8290327,105.098654,
6/13/2018 13:38,977.69,113.3743057,107.5949228,
6/13/2018 13:38,978.761,111.3848287,108.514747,
6/13/2018 13:38,979.834,111.9737778,106.2660088,
6/13/2018 13:38,980.905,112.5430364,108.3247867,
6/13/2018 13:38,981.975,113.1849978,109.2058801,
6/13/2018 13:38,983.046,111.1496267,107.0823361,
6/13/2018 13:38,984.119,108.7194761,104.0733739,
6/13/2018 13:38,985.188,110.1418598,106.5005556,
6/13/2018 13:38,986.261,111.7750319,107.8972195,
6/13/2018 13:38,987.333,109.6099943,105.5075374,
6/13/2018 13:38,988.406,109.7435792,104.7377247,
6/13/2018 13:38,989.477,109.2380038,103.9484228,
6/13/2018 13:38,990.547,110.1892842,106.362824,
6/13/2018 13:38,991.619,110.9622888,106.9067009,
6/13/2018 13:38,992.693,110.6822071,106.1464587,
6/13/2018 13:38,993.765,113.6541382,109.2974015,
6/13/2018 13:38,994.835,111.9905484,107.526126,
6/13/2018 13:38,995.907,115.1033677,110.8847391,
6/13/2018 13:38,996.98,112.9456212,108.7555797,
6/13/2018 13:38,998.051,112.3450437,107.7525584,
6/13/2018 13:38,999.125,113.1257477,108.4460004,
6/13/2018 13:38,1000.196,113.953259,109.4156312,
6/13/2018 13:38,1001.266,110.9778247,106.2427454,
6/13/2018 13:38,1002.338,113.829204,108.618001,
6/13/2018 13:38,1003.411,112.4524778,108.2603545,
6/13/2018 13:38,1004.481,110.7868549,105.6417754,
6/13/2018 13:39,1005.551,110.1327377,106.2476199,
6/13/2018 13:39,1006.622,109.1585678,105.0196238,
6/13/2018 13:39,1007.695,109.9896429,104.6238427,
6/13/2018 13:39,1008.762,111.1388302,103.8811185,
6/13/2018 13:39,1009.828,111.8803529,106.1315783,
6/13/2018 13:39,1010.893,110.5013983,103.3413031,
6/13/2018 13:39,1011.958,110.725536,106.0451162,
6/13/2018 13:39,1013.024,113.1520094,105.3466726,
6/13/2018 13:39,1014.088,109.3571764,104.5501012,
6/13/2018 13:39,1015.155,110.2057925,103.2832625,
6/13/2018 13:39,1016.22,111.0822788,104.0467764,
6/13/2018 13:39,1017.284,109.9328768,102.8730144,
6/13/2018 13:39,1018.349,110.9525519,105.7306025,
6/13/2018 13:39,1019.414,109.7356048,103.8447218,
6/13/2018 13:39,1020.479,108.2962686,102.3052863,
6/13/2018 13:39,1021.55,112.0812319,105.0761587,
6/13/2018 13:39,1022.616,109.8315769,103.544445,
6/13/2018 13:39,1023.683,108.4590376,102.2350844,
6/13/2018 13:39,1024.749,109.1190772,102.9061764,
6/13/2018 13:39,1025.817,111.1883197,104.9540401,
6/13/2018 13:39,1026.882,111.2384416,105.4921258,
6/13/2018 13:39,1027.947,111.340689,105.1123075,
6/13/2018 13:39,1029.012,112.1859947,104.5961044,
6/13/2018 13:39,1030.078,110.534808,104.728463,
6/13/2018 13:39,1031.149,108.4673178,104.189017,
6/13/2018 13:39,1032.221,110.4322226,103.6158854,
6/13/2018 13:39,1033.293,110.1616347,102.6433248,
6/13/2018 13:39,1034.364,110.7519611,103.2981887,
6/13/2018 13:39,1035.433,111.2673161,103.6287755,
6/13/2018 13:39,1036.506,110.1305232,103.7068035,
6/13/2018 13:39,1037.576,109.6909584,103.3276782,
6/13/2018 13:39,1038.647,112.9552699,106.2160877,
6/13/2018 13:39,1039.718,106.7950631,100.9466563,
6/13/2018 13:39,1040.782,112.2620716,104.1947508,
6/13/2018 13:39,1041.847,108.6477826,102.9388752,
6/13/2018 13:39,1042.914,112.1319766,105.9297996,
6/13/2018 13:39,1043.986,111.9004137,106.0633704,
6/13/2018 13:39,1045.057,111.4878544,105.4626919,
6/13/2018 13:39,1046.127,113.7661439,107.1652522,
6/13/2018 13:39,1047.2,109.8326011,104.0308516,
6/13/2018 13:39,1048.27,112.2378369,104.495472,
6/13/2018 13:39,1049.338,112.6186453,106.7986087,
6/13/2018 13:39,1050.407,110.8149056,104.6446306,
6/13/2018 13:39,1051.477,111.4755236,104.1150418,
6/13/2018 13:39,1052.546,110.0525231,103.5912224,
6/13/2018 13:39,1053.617,111.9142289,105.6715948,
6/13/2018 13:39,1054.687,110.2396319,104.5915208,
6/13/2018 13:39,1055.757,110.7125998,104.8711951,
6/13/2018 13:39,1056.826,110.6914938,103.7908777,
6/13/2018 13:39,1057.894,114.1767668,106.994001,
6/13/2018 13:39,1058.965,112.9848497,106.6819054,
6/13/2018 13:39,1060.037,110.4265507,103.8249673,
6/13/2018 13:39,1061.107,111.2247754,103.4091058,
6/13/2018 13:39,1062.176,107.631443,100.7993239,
6/13/2018 13:39,1063.246,110.643924,103.9055405,
6/13/2018 13:39,1064.315,112.7749697,105.06437,
6/13/2018 13:40,1065.383,111.1907475,103.9280853,
6/13/2018 13:40,1066.452,111.0831045,102.8284424,
6/13/2018 13:40,1067.522,111.2614769,103.2098395,
6/13/2018 13:40,1068.591,111.489239,103.1167098,
6/13/2018 13:40,1069.659,110.0112374,101.7251245,
6/13/2018 13:40,1070.73,108.2594953,102.4845,
6/13/2018 13:40,1071.801,112.6857619,105.6963193,
6/13/2018 13:40,1072.87,109.6698221,102.089021,
6/13/2018 13:40,1073.939,112.2243082,103.38249,
6/13/2018 13:40,1075.007,113.251692,105.2679009,
6/13/2018 13:40,1076.077,111.3750411,103.3310506,
6/13/2018 13:40,1077.145,111.4117725,102.9400391,
6/13/2018 13:40,1078.213,110.0832125,102.6403334,
6/13/2018 13:40,1079.283,109.467516,101.3028332,
6/13/2018 13:40,1080.353,110.5996953,103.4003805,
6/13/2018 13:40,1081.423,108.9894944,102.0268269,
6/13/2018 13:40,1082.493,110.3424592,102.4493458,
6/13/2018 13:40,1083.563,111.6649863,104.6676039,
6/13/2018 13:40,1084.634,110.0013452,101.5151558,
6/13/2018 13:40,1085.702,110.8140744,101.4115102,
6/13/2018 13:40,1086.771,111.9978866,103.9749102,
6/13/2018 13:40,1087.84,111.2677332,102.1300208,
6/13/2018 13:40,1088.911,111.9758264,103.4432248,
6/13/2018 13:40,1089.98,109.4125028,101.1446449,
6/13/2018 13:40,1091.05,111.7551803,103.5978148,
6/13/2018 13:40,1092.119,113.3926681,104.1066322,
6/13/2018 13:40,1093.191,109.8504243,101.9499449,
6/13/2018 13:40,1094.261,111.0433653,102.0666612,
6/13/2018 13:40,1095.334,111.3967441,102.4449807,
6/13/2018 13:40,1096.404,107.4593808,98.60433154,
6/13/2018 13:40,1097.474,111.0758394,103.1618115,
6/13/2018 13:40,1098.544,109.3420159,102.4856993,
6/13/2018 13:40,1099.613,110.8359929,102.8338356,
6/13/2018 13:40,1100.684,108.6283925,101.0378825,
6/13/2018 13:40,1101.754,110.25796,101.6028188,
6/13/2018 13:40,1102.822,111.3165224,101.8636121,
6/13/2018 13:40,1103.891,109.2044841,101.433973,
6/13/2018 13:40,1104.962,112.8118093,102.5052402,
6/13/2018 13:40,1106.033,111.6522887,103.1270836,
6/13/2018 13:40,1107.103,113.0431819,103.8698242,
6/13/2018 13:40,1108.171,113.4219066,104.4703408,
6/13/2018 13:40,1109.242,111.5140256,102.7758249,
6/13/2018 13:40,1110.312,108.6666488,100.3336325,
6/13/2018 13:40,1111.381,109.8051155,100.8273835,
6/13/2018 13:40,1112.452,110.3203106,101.7535257,
6/13/2018 13:40,1113.521,110.4638358,103.038751,
6/13/2018 13:40,1114.59,111.9807905,102.9810689,
6/13/2018 13:40,1115.658,109.5008922,100.2072228,
6/13/2018 13:40,1116.727,111.3957771,102.7002343,
6/13/2018 13:40,1117.794,112.3353045,103.6631215,
6/13/2018 13:40,1118.864,110.5533391,100.99936,
6/13/2018 13:40,1119.934,108.5365273,99.52150177,
6/13/2018 13:40,1121.003,111.438213,102.0070884,
6/13/2018 13:40,1122.073,109.7718157,101.3471563,
6/13/2018 13:40,1123.142,110.9987529,100.6684678,
6/13/2018 13:40,1124.211,110.0961361,101.4289363,
6/13/2018 13:41,1125.28,111.5290348,99.83094853,
6/13/2018 13:41,1126.349,110.8925154,101.4156873,
6/13/2018 13:41,1127.418,110.9487034,100.9074455,
6/13/2018 13:41,1128.487,109.6385174,99.66292089,
6/13/2018 13:41,1129.557,109.7350212,99.8563695,
6/13/2018 13:41,1130.627,108.7329884,98.86624281,
6/13/2018 13:41,1131.695,109.8817821,100.0058795,
6/13/2018 13:41,1132.767,110.9678178,100.4024506,
6/13/2018 13:41,1133.836,107.6528107,97.57934579,
6/13/2018 13:41,1134.906,109.1179119,98.57557899,
6/13/2018 13:41,1135.974,106.5378822,97.67792163,
6/13/2018 13:41,1137.043,108.9606816,99.56135145,
6/13/2018 13:41,1138.114,111.4708961,100.4682809,
6/13/2018 13:41,1139.186,109.487439,99.0654119,
6/13/2018 13:41,1140.258,109.6505889,97.40176013,
6/13/2018 13:41,1141.328,111.7026334,101.1758293,
6/13/2018 13:41,1142.396,109.1051434,98.60268588,
6/13/2018 13:41,1143.465,110.7794991,100.2942882,
6/13/2018 13:41,1144.533,112.5515676,101.1560104,
6/13/2018 13:41,1145.602,109.206484,99.23092113,
6/13/2018 13:41,1146.672,113.8357849,102.2830898,
6/13/2018 13:41,1147.742,107.9264239,97.49004153,
6/13/2018 13:41,1148.812,108.5872633,97.41390036,
6/13/2018 13:41,1149.881,111.7183917,99.64855015,
6/13/2018 13:41,1150.949,110.087837,98.87764191,
6/13/2018 13:41,1152.019,110.5459941,98.39547496,
6/13/2018 13:41,1153.09,111.3613474,100.9903593,
6/13/2018 13:41,1154.16,110.8031166,98.93654932,
6/13/2018 13:41,1155.227,109.3814795,99.51740323,
6/13/2018 13:41,1156.297,112.0115895,100.9006046,
6/13/2018 13:41,1157.366,112.5047497,99.99925889,
6/13/2018 13:41,1158.436,113.0983131,102.9413304,
6/13/2018 13:41,1159.506,110.3252537,100.7989867,
6/13/2018 13:41,1160.576,111.3302435,100.3933022,
6/13/2018 13:41,1161.646,109.4413799,98.21433929,
6/13/2018 13:41,1162.715,108.4807549,99.64420754,
6/13/2018 13:41,1163.784,109.7533032,98.6147263,
6/13/2018 13:41,1164.854,111.9945,101.52328,
6/13/2018 13:41,1165.923,108.9666579,100.3340449,
6/13/2018 13:41,1166.994,113.1511359,101.7980236,
6/13/2018 13:41,1168.063,113.5201933,102.0699105,
6/13/2018 13:41,1169.132,109.2362938,97.88643108,
6/13/2018 13:41,1170.202,109.591087,98.53741032,
6/13/2018 13:41,1171.272,110.9455594,100.8206743,
6/13/2018 13:41,1172.341,110.7020727,99.46756694,
6/13/2018 13:41,1173.41,111.5393812,100.2927989,
6/13/2018 13:41,1174.48,108.7147632,98.28017517,
6/13/2018 13:41,1175.552,109.3760892,99.04718029,
6/13/2018 13:41,1176.624,109.7844849,97.41911977,
6/13/2018 13:41,1177.696,111.6498162,99.48493741,
6/13/2018 13:41,1178.767,109.9498385,98.36735617,
6/13/2018 13:41,1179.837,109.1026333,97.9864871,
6/13/2018 13:41,1180.91,110.399255,98.55508954,
6/13/2018 13:41,1181.983,110.0431198,98.82572645,
6/13/2018 13:41,1183.053,108.4274199,97.63908923,
6/13/2018 13:41,1184.123,110.7818028,99.16571332,
6/13/2018 13:42,1185.196,107.0742658,96.8932226,
6/13/2018 13:42,1186.267,110.2309079,98.86228166,
6/13/2018 13:42,1187.339,107.087674,95.10890243,
6/13/2018 13:42,1188.409,107.7398547,96.60929832,
6/13/2018 13:42,1189.48,109.0952511,98.94226952,
6/13/2018 13:42,1190.551,109.8251445,98.45324372,
6/13/2018 13:42,1191.623,110.0934975,98.8719707,
6/13/2018 13:42,1192.693,110.5763596,98.77083666,
6/13/2018 13:42,1193.763,111.2169785,100.1458899,
6/13/2018 13:42,1194.832,111.0843131,99.59567321,
6/13/2018 13:42,1195.904,109.304071,98.76350652,
6/13/2018 13:42,1196.975,108.8414656,97.53494563,
6/13/2018 13:42,1198.045,109.5074022,97.40104431,
6/13/2018 13:42,1199.115,108.4289206,97.43246679,
6/13/2018 13:42,1200.185,108.7149375,97.58071793,
6/13/2018 13:42,1201.256,110.7408036,99.49137505,
6/13/2018 13:42,1202.325,109.1843867,97.94638459,
6/13/2018 13:42,1203.398,107.5299285,96.38067149,
6/13/2018 13:42,1204.468,110.1000131,97.90777975,
6/13/2018 13:42,1205.542,109.3598333,97.06377887,
6/13/2018 13:42,1206.612,109.5279716,97.82506193,
6/13/2018 13:42,1207.685,108.4944302,97.1321258,
6/13/2018 13:42,1208.756,110.1941403,97.03252778,
6/13/2018 13:42,1209.826,108.2578511,95.12894281,
6/13/2018 13:42,1210.9,106.9877473,94.81038031,
6/13/2018 13:42,1211.971,110.6002746,97.09101334,
6/13/2018 13:42,1213.041,106.2707029,94.20341436,
6/13/2018 13:42,1214.113,108.5132883,95.05097725,
6/13/2018 13:42,1215.184,109.4098067,95.08854406,
6/13/2018 13:42,1216.256,109.1606795,95.79537922,
6/13/2018 13:42,1217.328,108.5678684,95.47083547,
6/13/2018 13:42,1218.398,109.7583125,96.64654242,
6/13/2018 13:42,1219.468,109.0439618,94.79832729,
6/13/2018 13:42,1220.539,108.6920744,95.28703231,
6/13/2018 13:42,1221.61,107.2292461,94.64284271,
6/13/2018 13:42,1222.681,109.1495944,97.05059658,
6/13/2018 13:42,1223.753,106.8438568,94.68915858,
6/13/2018 13:42,1224.823,108.2468608,94.76575415,
6/13/2018 13:42,1225.893,106.785041,94.61170064,
6/13/2018 13:42,1226.966,106.3727379,93.89370352,
6/13/2018 13:42,1228.035,108.7032193,95.53427737,
6/13/2018 13:42,1229.1,109.3433965,95.54982155,
6/13/2018 13:42,1230.164,107.597789,95.13424532,
6/13/2018 13:42,1231.231,108.215421,95.52825515,
6/13/2018 13:42,1232.295,107.9952347,95.01438912,
6/13/2018 13:42,1233.361,110.1742167,97.14671062,
6/13/2018 13:42,1234.426,107.4393408,93.40040639,
6/13/2018 13:42,1235.491,107.7720337,94.59823088,
6/13/2018 13:42,1236.556,108.2584234,95.04807377,
6/13/2018 13:42,1237.622,109.9970527,96.43487488,
6/13/2018 13:42,1238.687,109.8713925,94.94766976,
6/13/2018 13:42,1239.752,107.8552207,93.47894048,
6/13/2018 13:42,1240.815,108.5946742,95.38523568,
6/13/2018 13:42,1241.88,107.3461033,93.54508814,
6/13/2018 13:42,1242.945,108.7360783,95.76569526,
6/13/2018 13:42,1244.01,107.9058694,93.78441119,
6/13/2018 13:43,1245.075,108.7573392,93.84315025,
6/13/2018 13:43,1246.14,108.1155301,94.19546488,
6/13/2018 13:43,1247.206,106.39049,92.5874195,
6/13/2018 13:43,1248.271,107.528703,94.11927113,
6/13/2018 13:43,1249.336,106.044633,91.14159083,
6/13/2018 13:43,1250.402,109.5821032,92.8046534,
6/13/2018 13:43,1251.467,107.0703353,93.21156775,
6/13/2018 13:43,1252.533,106.0100396,91.4070584,
6/13/2018 13:43,1253.599,106.9828253,92.22715178,
6/13/2018 13:43,1254.664,107.7306897,92.06148472,
6/13/2018 13:43,1255.73,106.7292948,91.92390399,
6/13/2018 13:43,1256.794,106.4151495,92.26846579,
6/13/2018 13:43,1257.86,106.4587403,90.07931163,
6/13/2018 13:43,1258.929,107.3103088,92.7728806,
6/13/2018 13:43,1259.995,108.8145437,94.31555381,
6/13/2018 13:43,1261.059,106.4421375,91.82075779,
6/13/2018 13:43,1262.124,107.1579417,92.40866308,
6/13/2018 13:43,1263.19,106.2105067,91.24914976,
6/13/2018 13:43,1264.256,106.9093312,91.55806212,
6/13/2018 13:43,1265.321,109.7896103,93.93486003,
6/13/2018 13:43,1266.386,106.6606611,91.50620371,
6/13/2018 13:43,1267.453,106.1678266,91.7494676,
6/13/2018 13:43,1268.522,109.1139785,92.40148298,
6/13/2018 13:43,1269.586,108.5939455,93.53778883,
6/13/2018 13:43,1270.65,108.7587562,93.45511496,
6/13/2018 13:43,1271.714,109.8406813,94.21385885,
6/13/2018 13:43,1272.781,107.3508068,91.01297168,
6/13/2018 13:43,1273.846,108.8226937,92.30412553,
6/13/2018 13:43,1274.911,108.891548,93.69648676,
6/13/2018 13:43,1275.976,107.0690232,91.03008729,
6/13/2018 13:43,1277.042,108.3911378,91.53768675,
6/13/2018 13:43,1278.107,106.5844755,91.3260018,
6/13/2018 13:43,1279.172,108.1208322,92.46361428,
6/13/2018 13:43,1280.237,108.4738666,92.77927447,
6/13/2018 13:43,1281.302,107.651001,91.44861111,
6/13/2018 13:43,1282.369,108.1439298,91.91213484,
6/13/2018 13:43,1283.435,106.5584553,90.92484954,
6/13/2018 13:43,1284.501,109.2456963,92.17989824,
6/13/2018 13:43,1285.568,108.960283,92.68731854,
6/13/2018 13:43,1286.631,110.0198486,93.8740797,
6/13/2018 13:43,1287.697,109.2914145,92.36146096,
6/13/2018 13:43,1288.761,107.0650651,92.65042665,
6/13/2018 13:43,1289.826,108.096117,93.09236808,
6/13/2018 13:43,1290.891,109.466976,92.47496559,
6/13/2018 13:43,1291.956,108.3492913,91.4050174,
6/13/2018 13:43,1293.022,107.3228972,92.02364351,
6/13/2018 13:43,1294.088,109.4024921,92.55721721,
6/13/2018 13:43,1295.154,107.0533324,91.19160109,
6/13/2018 13:43,1296.219,108.4437601,91.91985446,
6/13/2018 13:43,1297.283,107.2255003,90.85936609,
6/13/2018 13:43,1298.348,108.0379075,92.06084278,
6/13/2018 13:43,1299.414,108.539177,92.07854344,
6/13/2018 13:43,1300.48,109.7839254,92.52241036,
6/13/2018 13:43,1301.544,107.031998,90.32205076,
6/13/2018 13:43,1302.61,109.0921062,91.54615239,
6/13/2018 13:43,1303.675,107.5236328,90.75211415,
6/13/2018 13:44,1304.74,108.9812053,92.24877199,
6/13/2018 13:44,1305.804,109.2571141,91.93561359,
6/13/2018 13:44,1306.87,109.5579055,92.4361139,
6/13/2018 13:44,1307.937,107.9376962,91.63756474,
6/13/2018 13:44,1309.004,109.3319039,91.3191278,
6/13/2018 13:44,1310.069,108.4743176,90.81160577,
6/13/2018 13:44,1311.134,106.3685639,89.63993929,
6/13/2018 13:44,1312.198,109.7169452,92.84955281,
6/13/2018 13:44,1313.264,107.9368754,90.17160399,
6/13/2018 13:44,1314.328,105.8256469,90.24856826,
6/13/2018 13:44,1315.393,108.9762488,91.82045466,
6/13/2018 13:44,1316.459,108.9988408,91.35742168,
6/13/2018 13:44,1317.526,108.3411108,91.12352478,
6/13/2018 13:44,1318.59,107.3786627,90.96012687,
6/13/2018 13:44,1319.656,108.1064312,90.52023569,
6/13/2018 13:44,1320.723,107.0543527,89.73131977,
6/13/2018 13:44,1321.789,106.3697983,88.52953974,
6/13/2018 13:44,1322.855,106.6777611,88.2420372,
6/13/2018 13:44,1323.922,107.5603504,89.85396521,
6/13/2018 13:44,1324.989,105.1745932,88.09368934,
6/13/2018 13:44,1326.053,108.4283248,89.68833139,
6/13/2018 13:44,1327.119,106.9844641,88.42041713,
6/13/2018 13:44,1328.185,108.23335,88.72686545,
6/13/2018 13:44,1329.25,108.8574208,89.98851585,
6/13/2018 13:44,1330.316,106.927257,88.33840448,
6/13/2018 13:44,1331.382,108.9849064,89.14860899,
6/13/2018 13:44,1332.446,108.6041791,88.88166225,
6/13/2018 13:44,1333.512,106.4547658,88.72840308,
6/13/2018 13:44,1334.577,108.0583374,88.15203602,
6/13/2018 13:44,1335.642,107.9596905,88.39266155,
6/13/2018 13:44,1336.706,108.376499,88.25940614,
6/13/2018 13:44,1337.771,107.2703743,87.74697946,
6/13/2018 13:44,1338.837,107.3965951,87.11997283,
6/13/2018 13:44,1339.903,105.9518272,87.65050106,
6/13/2018 13:44,1340.968,107.4601592,87.85038252,
6/13/2018 13:44,1342.034,108.7403169,89.57657265,
6/13/2018 13:44,1343.097,110.4319168,90.42210185,
6/13/2018 13:44,1344.163,105.7743922,87.09323728,
6/13/2018 13:44,1345.228,107.591149,87.47945081,
6/13/2018 13:44,1346.295,110.6256109,89.25033602,
6/13/2018 13:44,1347.368,107.1809528,87.22755158,
6/13/2018 13:44,1348.438,108.2529563,88.06166741,
6/13/2018 13:44,1349.51,106.7902363,87.72288359,
6/13/2018 13:44,1350.583,107.1886318,88.30067412,
6/13/2018 13:44,1351.654,108.6944777,88.63707688,
6/13/2018 13:44,1352.725,109.824327,89.39186735,
6/13/2018 13:44,1353.797,107.4918402,87.81343251,
6/13/2018 13:44,1354.869,108.7453397,88.66394612,
6/13/2018 13:44,1355.941,107.8804041,88.52319806,
6/13/2018 13:44,1357.013,109.3136413,88.44003802,
6/13/2018 13:44,1358.084,108.0558546,88.55753106,
6/13/2018 13:44,1359.156,113.2257933,91.13402477,
6/13/2018 13:44,1360.227,106.2326713,87.03734173,
6/13/2018 13:44,1361.299,106.2904828,87.52973435,
6/13/2018 13:44,1362.369,106.6449434,86.64137373,
6/13/2018 13:44,1363.44,106.4679684,86.34972421,
6/13/2018 13:44,1364.513,108.4417839,87.39515078,
6/13/2018 13:45,1365.583,107.4433446,86.50967051,
6/13/2018 13:45,1366.654,105.502696,84.8039607,
6/13/2018 13:45,1367.726,108.0299196,86.23212547,
6/13/2018 13:45,1368.799,109.2925598,87.12109199,
6/13/2018 13:45,1369.869,107.0546683,85.13475597,
6/13/2018 13:45,1370.941,107.196562,85.18379796,
6/13/2018 13:45,1372.012,108.0766823,86.29572268,
6/13/2018 13:45,1373.084,109.1024765,87.976101,
6/13/2018 13:45,1374.156,108.2755661,86.60030315,
6/13/2018 13:45,1375.229,108.2001586,86.56096085,
6/13/2018 13:45,1376.301,108.9157774,85.6049477,
6/13/2018 13:45,1377.372,108.7320882,87.48900189,
6/13/2018 13:45,1378.443,109.4190816,87.44626601,
6/13/2018 13:45,1379.514,106.4681058,85.53761661,
6/13/2018 13:45,1380.586,108.1824033,86.62835575,
6/13/2018 13:45,1381.656,109.0213832,86.59395171,
6/13/2018 13:45,1382.727,108.2690974,85.89651022,
6/13/2018 13:45,1383.799,108.7438629,85.61056502,
6/13/2018 13:45,1384.87,111.6875755,87.25459881,
6/13/2018 13:45,1385.94,108.478699,87.18990505,
6/13/2018 13:45,1387.01,108.9447927,85.50035502,
6/13/2018 13:45,1388.083,107.8725617,84.87466378,
6/13/2018 13:45,1389.154,107.2812753,84.88676087,
6/13/2018 13:45,1390.225,108.2604021,84.7921291,
6/13/2018 13:45,1391.297,111.6336794,87.80403516,
6/13/2018 13:45,1392.368,109.2037893,85.19366989,
6/13/2018 13:45,1393.439,109.6803391,85.97111088,
6/13/2018 13:45,1394.509,108.6132765,84.98159001,
6/13/2018 13:45,1395.581,107.3170505,83.71780718,
6/13/2018 13:45,1396.652,107.0207755,83.15845442,
6/13/2018 13:45,1397.722,107.4044252,84.36024371,
6/13/2018 13:45,1398.794,111.0706363,87.70711805,
6/13/2018 13:45,1399.865,111.1849625,87.33855811,
6/13/2018 13:45,1400.937,109.314255,86.61967263,
6/13/2018 13:45,1402.009,107.2110339,84.85760031,
6/13/2018 13:45,1403.079,110.0078566,87.45683477,
6/13/2018 13:45,1404.15,108.7828413,84.75827465,
6/13/2018 13:45,1405.221,106.4304754,83.12146301,
6/13/2018 13:45,1406.294,108.2424405,85.02356268,
6/13/2018 13:45,1407.366,109.7646101,86.87406931,
6/13/2018 13:45,1408.437,108.0728828,84.35541244,
6/13/2018 13:45,1409.509,109.2965976,85.03450909,
6/13/2018 13:45,1410.58,111.2023433,86.37351122,
6/13/2018 13:45,1411.652,108.4665899,84.75583709,
6/13/2018 13:45,1412.723,110.1460164,84.53361361,
6/13/2018 13:45,1413.795,108.3972109,83.15970254,
6/13/2018 13:45,1414.865,109.6944534,84.96881947,
6/13/2018 13:45,1415.936,108.9588797,84.57187848,
6/13/2018 13:45,1417.006,109.6890863,85.8147128,
6/13/2018 13:45,1418.079,109.4362418,84.1280519,
6/13/2018 13:45,1419.151,111.9256943,84.77445195,
6/13/2018 13:45,1420.223,109.8934021,84.38363347,
6/13/2018 13:45,1421.296,109.0444081,84.08078204,
6/13/2018 13:45,1422.368,110.8784871,85.02837978,
6/13/2018 13:45,1423.439,109.9527759,85.28040578,
6/13/2018 13:45,1424.511,108.9640514,83.38047978,
6/13/2018 13:46,1425.585,108.097526,84.15556989,
6/13/2018 13:46,1426.656,108.425556,84.02988486,
6/13/2018 13:46,1427.727,108.8751755,83.28373709,
6/13/2018 13:46,1428.799,111.2855191,85.54120257,
6/13/2018 13:46,1429.871,106.8506569,82.35413628,
6/13/2018 13:46,1430.942,110.0102608,84.67348592,
6/13/2018 13:46,1432.011,109.3005627,84.3337585,
6/13/2018 13:46,1433.083,111.0992299,85.5412597,
6/13/2018 13:46,1434.154,108.3607856,83.79772626,
6/13/2018 13:46,1435.224,108.2413088,83.50350874,
6/13/2018 13:46,1436.295,110.2776469,84.37235188,
6/13/2018 13:46,1437.367,109.3250286,84.14239085,
6/13/2018 13:46,1438.437,109.8509546,85.17362574,
6/13/2018 13:46,1439.509,109.7911995,84.75916509,
6/13/2018 13:46,1440.581,108.691703,84.03124025,
6/13/2018 13:46,1441.653,114.8511882,86.88962014,
6/13/2018 13:46,1442.724,108.4584569,82.09963197,
6/13/2018 13:46,1443.793,109.9460273,85.42542033,
6/13/2018 13:46,1444.862,107.1054042,82.6410146,
6/13/2018 13:46,1445.933,109.964037,83.73371923,
6/13/2018 13:46,1447.003,110.6105521,84.22145178,
6/13/2018 13:46,1448.074,109.9954086,83.3333643,
6/13/2018 13:46,1449.147,108.8456059,82.05023004,
6/13/2018 13:46,1450.219,109.8638626,84.5045974,
6/13/2018 13:46,1451.291,110.6986889,84.55921185,
6/13/2018 13:46,1452.362,110.9733217,85.56537245,
6/13/2018 13:46,1453.432,111.0530046,84.60277391,
6/13/2018 13:46,1454.505,108.625011,81.86987729,
6/13/2018 13:46,1455.576,110.4839719,83.99819068,
6/13/2018 13:46,1456.648,113.1332885,85.64271971,
6/13/2018 13:46,1457.72,109.5170914,83.2740675,
6/13/2018 13:46,1458.79,109.3875896,83.1424864,
6/13/2018 13:46,1459.862,107.4608266,80.85026032,
6/13/2018 13:46,1460.933,108.7917757,81.53310031,
6/13/2018 13:46,1462.004,108.7589444,82.59942158,
6/13/2018 13:46,1463.077,110.2922072,83.37716472,
6/13/2018 13:46,1464.149,109.857973,82.61618998,
6/13/2018 13:46,1465.219,106.2669353,81.60641527,
6/13/2018 13:46,1466.29,108.6376442,81.1304099,
6/13/2018 13:46,1467.361,109.6522481,82.53919514,
6/13/2018 13:46,1468.432,110.7207363,83.09296931,
6/13/2018 13:46,1469.503,109.0781499,82.79281423,
6/13/2018 13:46,1470.574,111.4546588,84.38122298,
6/13/2018 13:46,1471.646,112.1938351,84.21384515,
6/13/2018 13:46,1472.717,109.8879342,81.96360449,
6/13/2018 13:46,1473.788,109.4149599,83.03989684,
6/13/2018 13:46,1474.859,110.7363539,82.92957207,
6/13/2018 13:46,1475.93,110.4249518,83.42677819,
6/13/2018 13:46,1477.002,108.1626221,82.45659592,
6/13/2018 13:46,1478.073,108.6932865,81.57142316,
6/13/2018 13:46,1479.143,110.7804782,83.04841344,
6/13/2018 13:46,1480.215,111.2963323,84.17606551,
6/13/2018 13:46,1481.288,108.932354,83.01724253,
6/13/2018 13:46,1482.361,109.7218633,81.81092634,
6/13/2018 13:46,1483.433,109.8692187,82.29880486,
6/13/2018 13:46,1484.504,109.1083187,82.76919521,
6/13/2018 13:47,1485.573,109.4617522,82.33530959,
6/13/2018 13:47,1486.646,110.2278742,81.97556826,
6/13/2018 13:47,1487.717,107.5786962,80.17081923,
6/13/2018 13:47,1488.788,107.9030109,80.75775756,
6/13/2018 13:47,1489.86,108.0205531,80.32010181,
6/13/2018 13:47,1490.93,109.8780248,81.27434217,
6/13/2018 13:47,1491.999,107.8586355,80.69132668,
6/13/2018 13:47,1493.07,110.1636224,82.54642777,
6/13/2018 13:47,1494.144,107.4204912,79.44935028,
6/13/2018 13:47,1495.215,111.6739551,81.55037561,
6/13/2018 13:47,1496.289,109.0470223,80.04133277,
6/13/2018 13:47,1497.361,111.1782272,81.26132438,
6/13/2018 13:47,1498.433,108.423264,80.20100952,
6/13/2018 13:47,1499.505,108.9329198,79.98849978,
6/13/2018 13:47,1500.578,107.0927382,79.36129164,
6/13/2018 13:47,1501.65,106.4202605,79.40318319,
6/13/2018 13:47,1502.722,107.7764386,79.53414178,
6/13/2018 13:47,1503.795,108.8966331,80.65036286,
6/13/2018 13:47,1504.864,111.9061808,83.72600029,
6/13/2018 13:47,1505.934,111.7680442,82.21835333,
6/13/2018 13:47,1507.005,112.2665654,83.93944965,
6/13/2018 13:47,1508.077,111.0248931,82.41266113,
6/13/2018 13:47,1509.145,108.9408096,81.00466892,
6/13/2018 13:47,1510.212,109.8730223,81.43547205,
6/13/2018 13:47,1511.279,109.9777742,81.2283149,
6/13/2018 13:47,1512.347,108.5007173,79.52261103,
6/13/2018 13:47,1513.418,110.1293357,79.9997887,
6/13/2018 13:47,1514.489,111.1997988,81.1991437,
6/13/2018 13:47,1515.562,108.0244637,79.41803892,
6/13/2018 13:47,1516.634,109.769562,80.67327726,
6/13/2018 13:47,1517.704,110.0117848,80.51823627,
6/13/2018 13:47,1518.774,111.2797642,80.84577382,
6/13/2018 13:47,1519.844,109.1187542,79.7799525,
6/13/2018 13:47,1520.915,110.6561924,80.77182103,
6/13/2018 13:47,1521.986,111.0013875,81.28965454,
6/13/2018 13:47,1523.059,109.9012173,80.59550006,
6/13/2018 13:47,1524.13,111.150619,81.6660032,
6/13/2018 13:47,1525.202,109.607248,80.69854516,
6/13/2018 13:47,1526.274,111.3954434,80.10633511,
6/13/2018 13:47,1527.345,111.1355124,79.38200034,
6/13/2018 13:47,1528.417,107.4831185,78.18149989,
6/13/2018 13:47,1529.488,109.43088,79.43947164,
6/13/2018 13:47,1530.56,108.1405593,78.2218714,
6/13/2018 13:47,1531.63,110.9054518,79.13188475,
6/13/2018 13:47,1532.703,111.7522965,79.42975169,
6/13/2018 13:47,1533.772,109.0651445,78.28533543,
6/13/2018 13:47,1534.844,109.0796775,78.1122904,
6/13/2018 13:47,1535.913,108.0229478,76.90854977,
6/13/2018 13:47,1536.985,108.4395468,77.5840122,
6/13/2018 13:47,1538.057,109.2702531,78.53148856,
6/13/2018 13:47,1539.129,110.4323327,79.03106583,
6/13/2018 13:47,1540.199,110.7770993,78.39458455,
6/13/2018 13:47,1541.272,109.5554395,77.23555669,
6/13/2018 13:47,1542.343,108.8024258,77.98465477,
6/13/2018 13:47,1543.414,108.390885,77.19223527,
6/13/2018 13:47,1544.485,112.0784477,77.71235848,
6/13/2018 13:48,1545.556,109.166883,76.68539716,
6/13/2018 13:48,1546.629,108.7350035,76.83478421,
6/13/2018 13:48,1547.7,109.3401398,76.72428475,
6/13/2018 13:48,1548.771,110.9685336,77.68536956,
6/13/2018 13:48,1549.841,110.1213219,76.90053225,
6/13/2018 13:48,1550.912,108.5678258,76.94571209,
6/13/2018 13:48,1551.983,112.5406426,78.84841348,
6/13/2018 13:48,1553.053,110.0857451,77.36697301,
6/13/2018 13:48,1554.126,109.3766222,76.98930079,
6/13/2018 13:48,1555.197,111.2417689,77.42654034,
6/13/2018 13:48,1556.269,109.851744,76.89622669,
6/13/2018 13:48,1557.34,111.1108243,77.97680976,
6/13/2018 13:48,1558.41,106.3304375,75.41780681,
6/13/2018 13:48,1559.482,111.5094861,77.50904223,
6/13/2018 13:48,1560.553,109.560121,77.06567897,
6/13/2018 13:48,1561.625,109.4660094,76.63755769,
6/13/2018 13:48,1562.694,109.7389284,77.72391856,
6/13/2018 13:48,1563.766,108.3607849,76.20856999,
6/13/2018 13:48,1564.838,106.9540139,75.19738805,
6/13/2018 13:48,1565.909,107.3135622,75.03870601,
6/13/2018 13:48,1566.98,108.1956882,75.12156827,
6/13/2018 13:48,1568.052,110.3990476,76.75582427,
6/13/2018 13:48,1569.122,107.7024379,74.48646991,
6/13/2018 13:48,1570.194,108.7936473,75.41783589,
6/13/2018 13:48,1571.265,110.8273134,77.52808442,
6/13/2018 13:48,1572.335,109.1142971,75.85292997,
6/13/2018 13:48,1573.407,105.8049943,73.29912841,
6/13/2018 13:48,1574.479,111.1221703,76.60987511,
6/13/2018 13:48,1575.551,110.8791277,77.60419249,
6/13/2018 13:48,1576.623,109.0549137,74.70754677,
6/13/2018 13:48,1577.695,107.7917916,74.89790766,
6/13/2018 13:48,1578.765,110.0632868,75.46312635,
6/13/2018 13:48,1579.837,110.9244135,76.11446011,
6/13/2018 13:48,1580.909,108.4323765,74.80000145,
6/13/2018 13:48,1581.981,106.9188891,74.63526934,
6/13/2018 13:48,1583.053,107.3146638,74.35721609,
6/13/2018 13:48,1584.125,107.7959748,74.89212237,
6/13/2018 13:48,1585.198,108.5422307,75.06219721,
6/13/2018 13:48,1586.27,109.0797724,75.43640679,
6/13/2018 13:48,1587.342,110.9722534,76.71969835,
6/13/2018 13:48,1588.413,109.6822618,75.31041172,
6/13/2018 13:48,1589.483,109.3260479,75.09415178,
6/13/2018 13:48,1590.553,107.7143151,73.51276659,
6/13/2018 13:48,1591.623,107.1865532,73.96606655,
6/13/2018 13:48,1592.695,107.6732998,72.71725804,
6/13/2018 13:48,1593.767,109.0625662,74.92308675,
6/13/2018 13:48,1594.84,108.6407839,75.48499962,
6/13/2018 13:48,1595.91,112.7137966,77.24182822,
6/13/2018 13:48,1596.983,108.5047466,75.77019549,
6/13/2018 13:48,1598.054,109.4877082,75.88392709,
6/13/2018 13:48,1599.125,108.6789528,74.29407844,
6/13/2018 13:48,1600.194,108.7369023,74.78731573,
6/13/2018 13:48,1601.266,107.9009281,75.26931068,
6/13/2018 13:48,1602.337,110.0726985,76.72918018,
6/13/2018 13:48,1603.41,108.7319794,74.9729031,
6/13/2018 13:48,1604.481,107.0302006,73.10165258,
6/13/2018 13:49,1605.552,110.3833436,74.87938803,
6/13/2018 13:49,1606.622,109.3815668,75.28358194,
6/13/2018 13:49,1607.695,109.1423683,74.99920193,
6/13/2018 13:49,1608.765,108.6943185,73.96059175,
6/13/2018 13:49,1609.838,109.6114137,74.16743356,
6/13/2018 13:49,1610.909,109.048147,75.36288718,
6/13/2018 13:49,1611.981,110.082143,74.99297256,
6/13/2018 13:49,1613.051,110.6824747,75.36948507,
6/13/2018 13:49,1614.123,109.139069,73.76955889,
6/13/2018 13:49,1615.194,108.5471383,74.40236369,
6/13/2018 13:49,1616.265,110.3132209,74.60845534,
6/13/2018 13:49,1617.336,110.2410871,74.98702847,
6/13/2018 13:49,1618.408,109.5714117,74.09347588,
6/13/2018 13:49,1619.479,109.2547428,74.16398761,
6/13/2018 13:49,1620.551,108.9465948,73.27206342,
6/13/2018 13:49,1621.622,109.0119953,72.59398377,
6/13/2018 13:49,1622.694,107.1549346,72.34240432,
6/13/2018 13:49,1623.766,106.2206048,71.70058681,
6/13/2018 13:49,1624.837,109.2993874,73.39161446,
6/13/2018 13:49,1625.909,111.1012621,74.25631739,
6/13/2018 13:49,1626.98,111.2108904,74.52047259,
6/13/2018 13:49,1628.053,108.2372628,72.50282662,
6/13/2018 13:49,1629.124,109.1686642,73.78402413,
6/13/2018 13:49,1630.196,107.329582,71.54856405,
6/13/2018 13:49,1631.265,108.6676712,72.16549936,
6/13/2018 13:49,1632.336,107.9381928,71.83319001,
6/13/2018 13:49,1633.409,107.1541759,72.76102616,
6/13/2018 13:49,1634.48,108.1621887,71.53584595,
6/13/2018 13:49,1635.549,110.4080402,73.86445674,
6/13/2018 13:49,1636.621,109.3599717,73.07877365,
6/13/2018 13:49,1637.691,110.4685164,73.75645134,
6/13/2018 13:49,1638.762,110.4079838,72.91838178,
6/13/2018 13:49,1639.833,110.3885204,73.30606161,
6/13/2018 13:49,1640.906,107.6034773,71.13493266,
6/13/2018 13:49,1641.977,111.4574527,74.19108419,
6/13/2018 13:49,1643.049,107.713136,70.32866347,
6/13/2018 13:49,1644.121,109.1666666,70.71937409,
6/13/2018 13:49,1645.192,105.048648,70.92650277,
6/13/2018 13:49,1646.263,109.2537752,72.44675492,
6/13/2018 13:49,1647.333,110.0994083,71.45341362,
6/13/2018 13:49,1648.405,111.3787944,72.67879679,
6/13/2018 13:49,1649.474,109.7297251,71.73390832,
6/13/2018 13:49,1650.544,110.1446372,72.17164213,
6/13/2018 13:49,1651.616,108.6228891,72.66564189,
6/13/2018 13:49,1652.686,110.6878341,72.66248539,
6/13/2018 13:49,1653.758,109.1431888,70.97201676,
6/13/2018 13:49,1654.83,108.57919,71.35473701,
6/13/2018 13:49,1655.901,106.6763951,69.89224559,
6/13/2018 13:49,1656.971,110.7811938,71.82777701,
6/13/2018 13:49,1658.042,108.6228419,70.29472455,
6/13/2018 13:49,1659.112,112.8360492,73.6611261,
6/13/2018 13:49,1660.183,110.5171725,72.76000705,
6/13/2018 13:49,1661.256,108.8657515,71.20810275,
6/13/2018 13:49,1662.326,109.7972421,72.24836018,
6/13/2018 13:49,1663.398,112.5272374,73.9081893,
6/13/2018 13:49,1664.469,108.2041856,70.26959175,
6/13/2018 13:50,1665.541,109.7378863,71.44242766,
6/13/2018 13:50,1666.613,108.9404405,71.08213561,
6/13/2018 13:50,1667.682,109.633728,70.52130976,
6/13/2018 13:50,1668.754,108.9265993,71.44329273,
6/13/2018 13:50,1669.827,109.2012092,70.41120269,
6/13/2018 13:50,1670.898,109.5937459,70.13036464,
6/13/2018 13:50,1671.971,107.9293326,69.49968386,
6/13/2018 13:50,1673.042,109.0587603,70.24371494,
6/13/2018 13:50,1674.114,109.6462055,70.49333703,
6/13/2018 13:50,1675.186,107.7393998,69.55192593,
6/13/2018 13:50,1676.257,108.0762,69.73108358,
6/13/2018 13:50,1677.328,108.6647714,70.30417562,
6/13/2018 13:50,1678.399,109.0302812,71.04578185,
6/13/2018 13:50,1679.468,109.6026451,71.03530595,
6/13/2018 13:50,1680.538,110.153287,70.7282563,
6/13/2018 13:50,1681.607,107.8525744,68.47439104,
6/13/2018 13:50,1682.679,107.8718526,70.19554211,
6/13/2018 13:50,1683.751,109.0007097,70.8816462,
6/13/2018 13:50,1684.824,110.6012957,71.72557713,
6/13/2018 13:50,1685.894,108.5422248,69.81179024,
6/13/2018 13:50,1686.966,109.1711033,71.76627128,
6/13/2018 13:50,1688.037,106.7863039,69.10542141,
6/13/2018 13:50,1689.109,108.6247865,70.41545269,
6/13/2018 13:50,1690.178,106.9626591,68.62567323,
6/13/2018 13:50,1691.249,111.5962986,71.66376842,
6/13/2018 13:50,1692.319,108.2785051,69.77139467,
6/13/2018 13:50,1693.391,109.4049528,69.82974311,
6/13/2018 13:50,1694.46,107.3167308,69.10482097,
6/13/2018 13:50,1695.532,108.1847842,69.96738549,
6/13/2018 13:50,1696.603,112.1107601,70.98766419,
6/13/2018 13:50,1697.675,108.5293362,69.20736719,
6/13/2018 13:50,1698.747,110.2144311,70.72281936,
6/13/2018 13:50,1699.82,106.9325067,68.38732401,
6/13/2018 13:50,1700.892,109.8450858,70.23336301,
6/13/2018 13:50,1701.964,111.101087,70.31381352,
6/13/2018 13:50,1703.034,108.9287003,68.1347787,
6/13/2018 13:50,1704.106,109.0539234,68.92104563,
6/13/2018 13:50,1705.176,108.7145865,69.12918287,
6/13/2018 13:50,1706.246,109.4963962,70.1094465,
6/13/2018 13:50,1707.318,107.9256738,68.99129335,
6/13/2018 13:50,1708.389,109.9545892,70.24543188,
6/13/2018 13:50,1709.46,107.8175764,68.69420346,
6/13/2018 13:50,1710.529,108.5437264,69.75891969,
6/13/2018 13:50,1711.6,109.0900399,69.70691807,
6/13/2018 13:50,1712.671,110.2556859,70.97678497,
6/13/2018 13:50,1713.744,110.5568666,69.51799793,
6/13/2018 13:50,1714.815,106.4074158,68.54288811,
6/13/2018 13:50,1715.887,109.7519395,69.54227756,
6/13/2018 13:50,1716.959,108.9099042,70.43122524,
6/13/2018 13:50,1718.029,109.1360122,68.93242096,
6/13/2018 13:50,1719.099,108.3568696,68.04196409,
6/13/2018 13:50,1720.168,109.4139544,69.33603701,
6/13/2018 13:50,1721.239,109.7414765,69.04495369,
6/13/2018 13:50,1722.309,111.6920282,70.56716311,
6/13/2018 13:50,1723.38,108.657645,68.36066817,
6/13/2018 13:50,1724.451,108.6421678,68.25234906,
6/13/2018 13:51,1725.523,109.9893185,69.20457163,
6/13/2018 13:51,1726.593,107.2878376,67.20517444,
6/13/2018 13:51,1727.666,109.3707976,68.44656258,
6/13/2018 13:51,1728.738,107.8089266,67.68424767,
6/13/2018 13:51,1729.811,108.0784092,67.30884145,
6/13/2018 13:51,1730.881,109.0871926,67.24149683,
6/13/2018 13:51,1731.952,109.3751516,68.46799611,
6/13/2018 13:51,1733.023,109.4315305,66.93063415,
6/13/2018 13:51,1734.095,108.7769293,67.11612216,
6/13/2018 13:51,1735.166,109.7368575,67.37938647,
6/13/2018 13:51,1736.24,108.6240796,67.10000641,
6/13/2018 13:51,1737.31,110.8457163,67.63880766,
6/13/2018 13:51,1738.38,108.370102,67.57861211,
6/13/2018 13:51,1739.451,106.2441999,65.68362909,
6/13/2018 13:51,1740.524,108.445936,66.39851939,
6/13/2018 13:51,1741.596,108.2524311,67.45775674,
6/13/2018 13:51,1742.666,108.9986397,66.49406325,
6/13/2018 13:51,1743.74,108.4923245,65.50609086,
6/13/2018 13:51,1744.811,105.9710701,64.51165489,
6/13/2018 13:51,1745.882,107.299709,64.79925159,
6/13/2018 13:51,1746.953,107.4978189,64.85629673,
6/13/2018 13:51,1748.025,107.3512999,64.91863427,
6/13/2018 13:51,1749.098,110.2472117,65.85550161,
6/13/2018 13:51,1750.169,107.1225461,65.1584477,
6/13/2018 13:51,1751.241,108.6959944,64.91882973,
6/13/2018 13:51,1752.311,108.2153131,65.7033088,
6/13/2018 13:51,1753.383,107.5466448,64.57848511,
6/13/2018 13:51,1754.453,108.2429866,65.15724294,
6/13/2018 13:51,1755.524,108.5989514,65.93655875,
6/13/2018 13:51,1756.595,108.9688627,65.8562727,
6/13/2018 13:51,1757.667,108.1237001,65.04232974,
6/13/2018 13:51,1758.739,109.467974,65.73877526,
6/13/2018 13:51,1759.809,108.630873,65.73112202,
6/13/2018 13:51,1760.881,107.8822164,65.86685546,
6/13/2018 13:51,1761.952,109.4695583,66.55102151,
6/13/2018 13:51,1763.021,108.5061047,66.14207745,
6/13/2018 13:51,1764.091,109.7894838,66.48105754,
6/13/2018 13:51,1765.164,109.6553479,65.98914684,
6/13/2018 13:51,1766.234,107.2557208,65.36669081,
6/13/2018 13:51,1767.305,109.3406012,66.22776268,
6/13/2018 13:51,1768.377,111.328734,65.74088207,
6/13/2018 13:51,1769.447,108.8016483,66.55926659,
6/13/2018 13:51,1770.518,109.4305012,66.15350941,
6/13/2018 13:51,1771.589,108.5954093,66.25511451,
6/13/2018 13:51,1772.661,108.7787178,66.45780413,
6/13/2018 13:51,1773.731,109.6461987,67.2154832,
6/13/2018 13:51,1774.801,110.4704079,68.26656758,
6/13/2018 13:51,1775.873,109.9683935,67.56870686,
6/13/2018 13:51,1776.943,109.6160327,66.67075501,
6/13/2018 13:51,1778.014,110.4627113,67.44477075,
6/13/2018 13:51,1779.084,108.3833503,65.77463029,
6/13/2018 13:51,1780.153,110.9317233,67.10005086,
6/13/2018 13:51,1781.222,109.9992356,65.59578407,
6/13/2018 13:51,1782.292,109.3223794,66.99066556,
6/13/2018 13:51,1783.362,110.1097156,66.67417421,
6/13/2018 13:51,1784.432,109.3385106,65.90678368,
6/13/2018 13:52,1785.504,108.3005278,64.62913557,
6/13/2018 13:52,1786.575,109.1669038,66.02379255,
6/13/2018 13:52,1787.646,107.1032857,65.31164265,
6/13/2018 13:52,1788.719,106.5144511,64.83707002,
6/13/2018 13:52,1789.79,108.3166863,64.38684201,
6/13/2018 13:52,1790.861,109.8693283,65.49255133,
6/13/2018 13:52,1791.932,109.86299,66.23141976,
6/13/2018 13:52,1793.002,109.8767357,64.56366688,
6/13/2018 13:52,1794.073,108.8475775,63.60189757,
6/13/2018 13:52,1795.144,108.9781096,63.56624624,
6/13/2018 13:52,1796.216,108.8682305,64.56399622,
6/13/2018 13:52,1797.289,108.3471157,63.44278939,
6/13/2018 13:52,1798.361,108.045609,63.73004695,
6/13/2018 13:52,1799.432,111.3598217,66.17021743,
6/13/2018 13:52,1800.502,105.9880824,63.02961933,
6/13/2018 13:52,1801.571,107.5575132,63.27073847,
6/13/2018 13:52,1802.642,107.7419429,64.03193037,
6/13/2018 13:52,1803.713,108.0515576,63.62445422,
6/13/2018 13:52,1804.785,109.5821478,64.93314251,
6/13/2018 13:52,1805.856,108.3025952,63.99446454,
6/13/2018 13:52,1806.927,109.5680797,64.61176225,
6/13/2018 13:52,1807.997,109.2182516,64.7619014,
6/13/2018 13:52,1809.068,110.9659451,64.44369444,
6/13/2018 13:52,1810.139,109.9313513,64.85878994,
6/13/2018 13:52,1811.21,108.2874824,63.11965303,
6/13/2018 13:52,1812.282,109.349155,64.18208441,
6/13/2018 13:52,1813.352,109.0215643,64.2360667,
6/13/2018 13:52,1814.423,108.6872791,63.98938861,
6/13/2018 13:52,1815.494,108.6921136,64.29737394,
6/13/2018 13:52,1816.565,108.95857,63.60882122,
6/13/2018 13:52,1817.636,109.4791238,64.33732361,
6/13/2018 13:52,1818.706,109.714597,64.42254944,
6/13/2018 13:52,1819.778,110.5241948,64.43248597,
6/13/2018 13:52,1820.848,110.5904639,64.01354139,
6/13/2018 13:52,1821.92,112.1382462,66.02284287,
6/13/2018 13:52,1822.991,110.8767605,63.77829499,
6/13/2018 13:52,1824.063,110.9377966,64.43594705,
6/13/2018 13:52,1825.133,110.8491765,64.46796015,
6/13/2018 13:52,1826.208,109.8770043,63.68035494,
6/13/2018 13:52,1827.279,107.7486072,62.87465046,
6/13/2018 13:52,1828.35,107.8283965,62.9557791,
6/13/2018 13:52,1829.419,108.6414478,63.92326882,
6/13/2018 13:52,1830.491,107.4880874,62.38066077,
6/13/2018 13:52,1831.562,109.1876916,62.43541312,
6/13/2018 13:52,1832.633,111.6465041,62.29872057,
6/13/2018 13:52,1833.704,110.9520758,64.21199133,
6/13/2018 13:52,1834.776,111.6688058,63.82009382,
6/13/2018 13:52,1835.849,108.3589601,62.08719815,
6/13/2018 13:52,1836.92,108.7099299,63.44322377,
6/13/2018 13:52,1837.989,109.425718,62.86517594,
6/13/2018 13:52,1839.059,108.4490631,62.46353177,
6/13/2018 13:52,1840.129,108.4222936,62.02907081,
6/13/2018 13:52,1841.202,110.6567505,63.31811586,
6/13/2018 13:52,1842.273,108.8211889,62.9437587,
6/13/2018 13:52,1843.343,110.0123718,63.33019832,
6/13/2018 13:52,1844.411,108.1799665,62.68098892,
6/13/2018 13:53,1845.481,109.2563517,62.42057268,
6/13/2018 13:53,1846.549,107.4527676,61.32924098,
6/13/2018 13:53,1847.617,108.1989444,60.87492373,
6/13/2018 13:53,1848.685,108.8046598,61.53085026,
6/13/2018 13:53,1849.756,109.4982472,61.74219998,
6/13/2018 13:53,1850.827,106.515392,59.36305732,
6/13/2018 13:53,1851.899,110.4169611,61.45802518,
6/13/2018 13:53,1852.971,108.4247131,60.32793857,
6/13/2018 13:53,1854.043,107.5020699,60.00081505,
6/13/2018 13:53,1855.115,106.607521,59.91173462,
6/13/2018 13:53,1856.189,109.0882939,61.24618261,
6/13/2018 13:53,1857.26,110.6409412,61.99941907,
6/13/2018 13:53,1858.332,108.0139805,60.68154585,
6/13/2018 13:53,1859.405,108.7647014,61.86190433,
6/13/2018 13:53,1860.475,111.3570346,62.20985125,
6/13/2018 13:53,1861.545,110.1970359,63.11296694,
6/13/2018 13:53,1862.616,110.5115778,62.32441129,
6/13/2018 13:53,1863.686,110.6450221,61.59607973,
6/13/2018 13:53,1864.758,109.4068002,61.41454698,
6/13/2018 13:53,1865.83,111.4820081,61.61017249,
6/13/2018 13:53,1866.902,109.6312156,59.82529613,
6/13/2018 13:53,1867.975,110.5869322,61.13654508,
6/13/2018 13:53,1869.045,110.8801198,60.53426306,
6/13/2018 13:53,1870.115,111.6353349,60.62300813,
6/13/2018 13:53,1871.188,113.490397,61.88674538,
6/13/2018 13:53,1872.26,113.5772937,61.48865214,
6/13/2018 13:53,1873.331,112.1341588,61.89957019,
6/13/2018 13:53,1874.403,110.9124428,60.69893643,
6/13/2018 13:53,1875.474,113.4240257,61.56739513,
6/13/2018 13:53,1876.544,113.7853986,60.92685034,
6/13/2018 13:53,1877.614,113.8945012,61.13084943,
6/13/2018 13:53,1878.685,110.215421,59.38526572,
6/13/2018 13:53,1879.754,115.7696737,61.99617634,
6/13/2018 13:53,1880.825,114.7269094,60.3683807,
6/13/2018 13:53,1881.895,113.4328927,59.64796733,
6/13/2018 13:53,1882.966,115.3160985,60.64016255,
6/13/2018 13:53,1884.038,119.0419049,61.43951392,
6/13/2018 13:53,1885.109,113.2778382,58.45268989,
6/13/2018 13:53,1886.179,113.5575399,58.55748067,
6/13/2018 13:53,1887.251,115.6359918,59.54746797,
6/13/2018 13:53,1888.322,115.0165661,58.56035723,
6/13/2018 13:53,1889.392,115.9948625,58.58141683,
6/13/2018 13:53,1890.464,115.5876678,58.00588852,
6/13/2018 13:53,1891.535,116.9953456,59.6168812,
6/13/2018 13:53,1892.605,117.1753756,57.87087012,
6/13/2018 13:53,1893.676,115.4902732,58.55534128,
6/13/2018 13:53,1894.747,115.824488,57.48311985,
6/13/2018 13:53,1895.818,118.1406023,57.33508839,
6/13/2018 13:53,1896.889,117.0682356,56.87364933,
6/13/2018 13:53,1897.962,120.5446614,57.73783391,
6/13/2018 13:53,1899.034,120.3022093,58.53946312,
6/13/2018 13:53,1900.106,118.1844349,57.9566574,
6/13/2018 13:53,1901.176,120.3701507,58.00051001,
6/13/2018 13:53,1902.247,118.4937965,56.74091184,
6/13/2018 13:53,1903.317,118.732533,56.17015398,
6/13/2018 13:53,1904.387,120.7631458,57.23964954,
6/13/2018 13:54,1905.458,120.6124704,56.40551362,
6/13/2018 13:54,1906.529,122.6793719,58.57940453,
6/13/2018 13:54,1907.602,119.0168775,57.14626486,
6/13/2018 13:54,1908.673,122.5638494,57.25122037,
6/13/2018 13:54,1909.743,122.1213114,56.88194977,
6/13/2018 13:54,1910.813,123.0188272,57.99841215,
6/13/2018 13:54,1911.886,122.6258448,57.14103925,
6/13/2018 13:54,1912.958,121.7094515,56.58366325,
6/13/2018 13:54,1914.03,122.537869,55.90415936,
6/13/2018 13:54,1915.103,122.672117,55.61170779,
6/13/2018 13:54,1916.175,121.5301388,54.54922825,
6/13/2018 13:54,1917.245,124.2387834,55.91569957,
6/13/2018 13:54,1918.315,122.9288389,54.81209541,
6/13/2018 13:54,1919.385,124.4992549,55.76870087,
6/13/2018 13:54,1920.457,124.5777597,54.61040766,
6/13/2018 13:54,1921.528,124.5667837,54.99053225,
6/13/2018 13:54,1922.599,122.7651507,54.14708736,
6/13/2018 13:54,1923.67,123.8695111,54.06031443,
6/13/2018 13:54,1924.742,123.9285769,54.19749052,
6/13/2018 13:54,1925.814,126.0766309,55.13196915,
6/13/2018 13:54,1926.885,127.7661349,55.69784759,
6/13/2018 13:54,1927.957,126.5788781,54.76646778,
6/13/2018 13:54,1929.029,125.8288803,54.81478841,
6/13/2018 13:54,1930.101,127.7770445,54.4310669,
6/13/2018 13:54,1931.171,127.4697967,55.27954258,
6/13/2018 13:54,1932.24,127.1158553,54.34076352,
6/13/2018 13:54,1933.311,129.4337519,55.03660373,
6/13/2018 13:54,1934.382,129.3637871,54.35443754,
6/13/2018 13:54,1935.453,130.3515857,54.86492476,
6/13/2018 13:54,1936.523,128.8997855,53.83474752,
6/13/2018 13:54,1937.594,129.1517989,53.72226758,
6/13/2018 13:54,1938.665,128.8729236,53.23028419,
6/13/2018 13:54,1939.737,126.366713,52.01097526,
6/13/2018 13:54,1940.808,131.9099142,54.0749575,
6/13/2018 13:54,1941.879,128.7078982,53.22842478,
6/13/2018 13:54,1942.951,128.3713839,52.37262038,
6/13/2018 13:54,1944.023,131.8036991,52.81724553,
6/13/2018 13:54,1945.094,132.1139973,52.81003223,
6/13/2018 13:54,1946.166,129.2080204,52.02007551,
6/13/2018 13:54,1947.235,132.5616417,53.07929636,
6/13/2018 13:54,1948.306,130.8226293,52.09497314,
6/13/2018 13:54,1949.376,133.5537344,52.17055515,
6/13/2018 13:54,1950.445,129.7613652,50.56013231,
6/13/2018 13:54,1951.516,133.2947832,53.06160309,
6/13/2018 13:54,1952.586,130.8789361,51.25875605,
6/13/2018 13:54,1953.657,133.9039415,51.93876267,
6/13/2018 13:54,1954.727,130.1653356,50.36484482,
6/13/2018 13:54,1955.797,133.9348521,51.84048246,
6/13/2018 13:54,1956.869,134.2054237,51.42531427,
6/13/2018 13:54,1957.94,132.5580331,49.95098812,
6/13/2018 13:54,1959.012,132.8417545,49.74599843,
6/13/2018 13:54,1960.083,133.8437078,49.79557297,
6/13/2018 13:54,1961.152,135.9337674,51.02643287,
6/13/2018 13:54,1962.225,138.9950252,52.72156019,
6/13/2018 13:54,1963.295,134.8978507,50.85132322,
6/13/2018 13:54,1964.368,137.8806887,51.83592568,
6/13/2018 13:55,1965.439,137.711666,51.39767554,
6/13/2018 13:55,1966.509,137.9266475,52.56909013,
6/13/2018 13:55,1967.582,137.726793,51.51531018,
6/13/2018 13:55,1968.654,139.5799776,52.59989433,
6/13/2018 13:55,1969.724,140.7579422,53.11677138,
6/13/2018 13:55,1970.794,140.446503,53.26802186,
6/13/2018 13:55,1971.865,138.8344207,51.37412358,
6/13/2018 13:55,1972.936,141.2358726,53.13502805,
6/13/2018 13:55,1974.005,141.851231,52.95651578,
6/13/2018 13:55,1975.078,141.1248252,53.38497115,
6/13/2018 13:55,1976.148,141.4048619,51.94133353,
6/13/2018 13:55,1977.22,140.9394565,51.38816318,
6/13/2018 13:55,1978.292,140.8499199,52.10275247,
6/13/2018 13:55,1979.363,144.5748203,52.72190282,
6/13/2018 13:55,1980.435,141.981382,51.98776454,
6/13/2018 13:55,1981.508,143.8595195,52.11057014,
6/13/2018 13:55,1982.58,142.8603677,52.19546897,
6/13/2018 13:55,1983.651,144.8882949,52.13835196,
6/13/2018 13:55,1984.723,145.3459808,52.12716469,
6/13/2018 13:55,1985.795,146.0633601,52.37016327,
6/13/2018 13:55,1986.867,148.3547278,53.13781512,
6/13/2018 13:55,1987.938,142.6734733,50.82672983,
6/13/2018 13:55,1989.009,143.0289559,51.91247092,
6/13/2018 13:55,1990.079,144.4993297,51.15464757,
6/13/2018 13:55,1991.148,147.0819233,51.82821214,
6/13/2018 13:55,1992.217,147.323708,51.44607673,
6/13/2018 13:55,1993.285,148.5003832,52.68082134,
6/13/2018 13:55,1994.353,150.111518,53.30549243,
6/13/2018 13:55,1995.424,148.0563582,52.09314661,
6/13/2018 13:55,1996.497,147.91021,51.56972954,
6/13/2018 13:55,1997.569,146.818712,51.35687027,
6/13/2018 13:55,1998.638,149.5424618,51.69112016,
6/13/2018 13:55,1999.71,149.8632944,52.13513257,
6/13/2018 13:55,2000.78,150.0658038,51.39435494,
6/13/2018 13:55,2001.852,150.9681301,51.14387183,
6/13/2018 13:55,2002.921,149.4210304,51.08750763,
6/13/2018 13:55,2003.993,146.7313125,50.86336806,
6/13/2018 13:55,2005.064,151.4416415,51.37787992,
6/13/2018 13:55,2006.135,152.2810029,51.62774702,
6/13/2018 13:55,2007.204,151.0173885,50.72661623,
6/13/2018 13:55,2008.276,150.9704238,50.72497419,
6/13/2018 13:55,2009.347,150.7684635,49.91833471,
6/13/2018 13:55,2010.418,151.6411459,51.11524823,
6/13/2018 13:55,2011.491,154.4093979,51.48060176,
6/13/2018 13:55,2012.561,155.8265956,51.98873967,
6/13/2018 13:55,2013.632,154.3050296,51.68670633,
6/13/2018 13:55,2014.701,152.8084877,49.80883773,
6/13/2018 13:55,2015.772,152.2972679,50.20132305,
6/13/2018 13:55,2016.843,152.4683568,49.88220023,
6/13/2018 13:55,2017.912,152.8548939,50.23851621,
6/13/2018 13:55,2018.983,149.8856186,47.87047264,
6/13/2018 13:55,2020.053,150.423282,48.35926938,
6/13/2018 13:55,2021.126,156.9371558,49.74698294,
6/13/2018 13:55,2022.198,155.5770118,48.75138755,
6/13/2018 13:55,2023.269,155.251869,49.37732644,
6/13/2018 13:55,2024.339,156.9151092,49.33754131,
6/13/2018 13:56,2025.41,156.4681398,49.00288318,
6/13/2018 13:56,2026.482,155.1717506,48.38368192,
6/13/2018 13:56,2027.551,155.5353169,48.2706053,
6/13/2018 13:56,2028.622,155.5432871,48.61266071,
6/13/2018 13:56,2029.693,156.3907386,48.68580475,
6/13/2018 13:56,2030.764,160.4317196,50.43084713,
6/13/2018 13:56,2031.836,153.3453775,47.40958067,
6/13/2018 13:56,2032.909,157.1766136,48.2177092,
6/13/2018 13:56,2033.979,157.6459229,48.45331323,
6/13/2018 13:56,2035.051,159.6620737,49.73706252,
6/13/2018 13:56,2036.122,157.9581965,47.63979825,
6/13/2018 13:56,2037.193,161.1883749,48.44121025,
6/13/2018 13:56,2038.264,161.4950873,48.46957701,
6/13/2018 13:56,2039.335,158.9367588,48.62697956,
6/13/2018 13:56,2040.406,157.5904906,47.87299143,
6/13/2018 13:56,2041.478,157.9927011,46.7756099,
6/13/2018 13:56,2042.551,159.6158221,47.63621827,
6/13/2018 13:56,2043.622,158.033838,47.59032693,
6/13/2018 13:56,2044.693,158.783687,46.29917944,
6/13/2018 13:56,2045.763,159.6473062,46.31498459,
6/13/2018 13:56,2046.833,158.1487445,46.01454823,
6/13/2018 13:56,2047.903,158.6219896,45.74525888,
6/13/2018 13:56,2048.975,159.6395902,46.03658739,
6/13/2018 13:56,2050.045,159.3230031,46.34531028,
6/13/2018 13:56,2051.116,162.4685377,46.52821182,
6/13/2018 13:56,2052.188,159.5019829,46.17148525,
6/13/2018 13:56,2053.259,163.3832629,46.79386824,
6/13/2018 13:56,2054.331,159.6514349,45.16189416,
6/13/2018 13:56,2055.401,160.0694505,46.25710221,
6/13/2018 13:56,2056.473,162.8040356,46.87469315,
6/13/2018 13:56,2057.544,161.2387065,46.00962055,
6/13/2018 13:56,2058.616,162.5554233,46.29184592,
6/13/2018 13:56,2059.687,163.2620218,45.80121005,
6/13/2018 13:56,2060.757,164.8797434,46.86427237,
6/13/2018 13:56,2061.826,166.9779064,46.64029964,
6/13/2018 13:56,2062.897,168.4341421,47.71565076,
6/13/2018 13:56,2063.968,164.9687625,46.88445231,
6/13/2018 13:56,2065.039,165.5914911,47.52367773,
6/13/2018 13:56,2066.11,167.7809334,47.29696065,
6/13/2018 13:56,2067.18,166.4497735,47.33550844,
6/13/2018 13:56,2068.252,166.055631,46.73307453,
6/13/2018 13:56,2069.323,168.2817119,47.62847008,
6/13/2018 13:56,2070.395,165.7592322,47.39381323,
6/13/2018 13:56,2071.466,171.1832821,47.64577518,
6/13/2018 13:56,2072.537,167.4219829,46.87414997,
6/13/2018 13:56,2073.61,168.8836051,47.53217766,
6/13/2018 13:56,2074.681,170.6835219,47.93340891,
6/13/2018 13:56,2075.751,170.7263999,47.62886473,
6/13/2018 13:56,2076.823,168.8026789,46.33524172,
6/13/2018 13:56,2077.893,169.7678724,46.50547389,
6/13/2018 13:56,2078.965,170.8578646,46.23202722,
6/13/2018 13:56,2080.036,170.6586885,46.38646267,
6/13/2018 13:56,2081.106,169.5292056,45.67397371,
6/13/2018 13:56,2082.178,168.8580162,45.17733533,
6/13/2018 13:56,2083.25,167.4578663,45.00327953,
6/13/2018 13:56,2084.32,173.2284361,46.23302949,
6/13/2018 13:57,2085.39,173.2516667,46.10198921,
6/13/2018 13:57,2086.462,171.1598703,45.74137284,
6/13/2018 13:57,2087.532,173.6410369,46.34501433,
6/13/2018 13:57,2088.604,171.9633136,44.98818991,
6/13/2018 13:57,2089.677,173.5791989,46.0928402,
6/13/2018 13:57,2090.75,173.5810774,45.72631586,
6/13/2018 13:57,2091.819,172.1763213,45.40877864,
6/13/2018 13:57,2092.889,171.7361168,45.45996533,
6/13/2018 13:57,2093.958,174.3051256,45.19676809,
6/13/2018 13:57,2095.029,171.8303855,45.23797157,
6/13/2018 13:57,2096.099,173.4167137,45.18576495,
6/13/2018 13:57,2097.172,174.4798635,43.71757486,
6/13/2018 13:57,2098.243,172.3008842,43.95569327,
6/13/2018 13:57,2099.313,177.0123923,45.00274428,
6/13/2018 13:57,2100.384,176.736445,44.75495327,
6/13/2018 13:57,2101.456,174.497207,44.22170733,
6/13/2018 13:57,2102.528,175.1378455,44.57651847,
6/13/2018 13:57,2103.599,175.5413307,44.61781435,
6/13/2018 13:57,2104.669,176.3684131,44.1066574,
6/13/2018 13:57,2105.741,174.6814891,44.22824323,
6/13/2018 13:57,2106.812,179.843082,45.3434735,
6/13/2018 13:57,2107.882,176.231062,44.14952213,
6/13/2018 13:57,2108.955,179.3405708,44.5579731,
6/13/2018 13:57,2110.028,180.7656032,45.08344804,
6/13/2018 13:57,2111.099,179.4827931,44.38619042,
6/13/2018 13:57,2112.17,179.029752,44.04903242,
6/13/2018 13:57,2113.24,179.3570069,45.21367997,
6/13/2018 13:57,2114.311,180.048902,44.67610742,
6/13/2018 13:57,2115.382,182.8740746,44.94774892,
6/13/2018 13:57,2116.454,178.0410275,43.49486814,
6/13/2018 13:57,2117.525,183.2065889,44.87305131,
6/13/2018 13:57,2118.596,181.7056655,44.65028565,
6/13/2018 13:57,2119.669,180.0309877,43.41005641,
6/13/2018 13:57,2120.74,179.1051194,44.11946396,
6/13/2018 13:57,2121.812,182.9535658,44.52672937,
6/13/2018 13:57,2122.885,181.4561994,44.0459931,
6/13/2018 13:57,2123.957,188.4050545,45.58821823,
6/13/2018 13:57,2125.027,187.2749338,43.51908259,
6/13/2018 13:57,2126.098,184.5702497,44.50608916,
6/13/2018 13:57,2127.168,183.5735842,43.91193717,
6/13/2018 13:57,2128.24,182.6585787,43.41988155,
6/13/2018 13:57,2129.311,185.5037004,43.89375882,
6/13/2018 13:57,2130.382,183.9989899,43.41892622,
6/13/2018 13:57,2131.452,185.7529153,44.54834253,
6/13/2018 13:57,2132.524,185.3340469,43.3222249,
6/13/2018 13:57,2133.596,187.7529371,44.17753912,
6/13/2018 13:57,2134.667,190.5906054,44.39885377,
6/13/2018 13:57,2135.738,182.5977675,42.90038708,
6/13/2018 13:57,2136.81,187.3820391,44.04066462,
6/13/2018 13:57,2137.881,187.5557706,44.1653342,
6/13/2018 13:57,2138.952,189.8141638,44.1396886,
6/13/2018 13:57,2140.024,188.5539684,43.82084921,
6/13/2018 13:57,2141.096,188.6684131,43.51806557,
6/13/2018 13:57,2142.165,189.8615545,43.77202261,
6/13/2018 13:57,2143.235,188.9359543,43.98314583,
6/13/2018 13:57,2144.306,190.7242322,44.42698171,
6/13/2018 13:58,2145.376,186.6081698,42.60473616,
6/13/2018 13:58,2146.446,190.098987,43.64338515,
6/13/2018 13:58,2147.517,187.5905059,42.2064039,
6/13/2018 13:58,2148.587,191.8117944,43.69913314,
6/13/2018 13:58,2149.659,192.0918494,43.58544818,
6/13/2018 13:58,2150.732,190.256126,42.78508351,
6/13/2018 13:58,2151.801,188.7375523,42.60248321,
6/13/2018 13:58,2152.872,191.5047664,42.17622243,
6/13/2018 13:58,2153.942,191.8754383,43.54544955,
6/13/2018 13:58,2155.012,193.1018688,43.01513898,
6/13/2018 13:58,2156.082,192.0727892,42.46410573,
6/13/2018 13:58,2157.153,193.0873279,43.42039479,
6/13/2018 13:58,2158.222,191.6882489,41.40599313,
6/13/2018 13:58,2159.294,191.3639398,42.19346014,
6/13/2018 13:58,2160.364,189.0461433,41.06780428,
6/13/2018 13:58,2161.434,193.1465269,42.19392374,
6/13/2018 13:58,2162.505,192.8953555,41.50564016,
6/13/2018 13:58,2163.577,186.0708916,39.82900322,
6/13/2018 13:58,2164.647,196.3858318,42.59338526,
6/13/2018 13:58,2165.717,193.0634002,42.32830028,
6/13/2018 13:58,2166.788,192.042151,41.44535817,
6/13/2018 13:58,2167.86,193.6779672,41.59478933,
6/13/2018 13:58,2168.931,192.479076,41.07944269,
6/13/2018 13:58,2170.001,196.8387818,41.90051696,
6/13/2018 13:58,2171.072,196.173952,41.76173912,
6/13/2018 13:58,2172.143,195.5498695,41.68092579,
6/13/2018 13:58,2173.212,196.5364261,40.98032066,
6/13/2018 13:58,2174.277,192.2259562,40.47506522,
6/13/2018 13:58,2175.343,194.4140195,41.71407598,
6/13/2018 13:58,2176.408,198.102209,41.3861384,
6/13/2018 13:58,2177.474,199.6906042,40.58761193,
6/13/2018 13:58,2178.539,196.0273983,40.09220751,
6/13/2018 13:58,2179.604,198.3648758,40.97346586,
6/13/2018 13:58,2180.671,192.0326604,39.84255844,
6/13/2018 13:58,2181.737,200.1305391,41.04228219,
6/13/2018 13:58,2182.806,198.6368687,39.99826902,
6/13/2018 13:58,2183.875,200.7642253,40.8423436,
6/13/2018 13:58,2184.944,194.7786231,39.12376977,
6/13/2018 13:58,2186.009,203.1668293,41.27178634,
6/13/2018 13:58,2187.074,201.0773509,40.06208128,
6/13/2018 13:58,2188.141,199.8485157,39.21838544,
6/13/2018 13:58,2189.206,202.4782255,40.50595465,
6/13/2018 13:58,2190.27,197.8971342,39.98606518,
6/13/2018 13:58,2191.335,198.9940324,39.36996605,
6/13/2018 13:58,2192.404,198.4590801,39.39059845,
6/13/2018 13:58,2193.473,203.4233287,40.56354053,
6/13/2018 13:58,2194.541,199.1364009,39.17821269,
6/13/2018 13:58,2195.611,199.9141737,39.76021539,
6/13/2018 13:58,2196.679,202.0636147,39.96432668,
6/13/2018 13:58,2197.747,201.4574635,41.03239985,
6/13/2018 13:58,2198.816,205.3822135,40.89885015,
6/13/2018 13:58,2199.886,204.7488243,40.88888766,
6/13/2018 13:58,2200.956,204.9844639,40.23674311,
6/13/2018 13:58,2202.025,204.3190917,40.28245355,
6/13/2018 13:58,2203.094,206.3929893,39.83689946,
6/13/2018 13:58,2204.162,207.5762595,40.83032077,
6/13/2018 13:59,2205.23,207.270831,40.23879439,
6/13/2018 13:59,2206.298,205.3121993,40.88646738,
6/13/2018 13:59,2207.367,208.2376018,40.94147457,
6/13/2018 13:59,2208.434,205.0827243,40.81520997,
6/13/2018 13:59,2209.502,209.7706961,41.26681816,
6/13/2018 13:59,2210.571,208.8927567,41.45241598,
6/13/2018 13:59,2211.64,208.2378201,40.78808239,
6/13/2018 13:59,2212.712,208.9050725,40.73560917,
6/13/2018 13:59,2213.782,208.9917081,40.07425433,
6/13/2018 13:59,2214.853,209.9241607,40.75101886,
6/13/2018 13:59,2215.925,207.4886027,40.51487158,
6/13/2018 13:59,2216.997,211.3999563,40.00705857,
6/13/2018 13:59,2218.067,207.3360221,39.29797624,
6/13/2018 13:59,2219.138,211.1084283,40.23957828,
6/13/2018 13:59,2220.209,208.5381085,39.54592976,
6/13/2018 13:59,2221.28,210.4859677,39.34574844,
6/13/2018 13:59,2222.351,211.869676,39.82978156,
6/13/2018 13:59,2223.419,212.0027535,39.56843702,
6/13/2018 13:59,2224.493,209.8863277,39.25094043,
6/13/2018 13:59,2225.563,210.6467664,40.7667844,
6/13/2018 13:59,2226.633,211.6174682,39.33251313,
6/13/2018 13:59,2227.703,211.3508995,39.46876383,
6/13/2018 13:59,2228.777,207.6539473,38.2544603,
6/13/2018 13:59,2229.847,214.1739602,39.72653943,
6/13/2018 13:59,2230.918,214.0493395,39.88569668,
6/13/2018 13:59,2231.989,218.1064082,39.60004191,
6/13/2018 13:59,2233.059,217.5668675,40.62684414,
6/13/2018 13:59,2234.13,216.8359696,40.62128391,
6/13/2018 13:59,2235.2,214.2017241,40.38963666,
6/13/2018 13:59,2236.27,213.141048,39.94698223,
6/13/2018 13:59,2237.34,213.2518605,39.84549196,
6/13/2018 13:59,2238.408,216.1946059,40.92843053,
6/13/2018 13:59,2239.479,219.7726213,40.67886768,
6/13/2018 13:59,2240.548,214.3314027,39.85216348,
6/13/2018 13:59,2241.62,214.7776667,38.93868373,
6/13/2018 13:59,2242.692,214.4815758,38.93472635,
6/13/2018 13:59,2243.764,217.8221476,39.39324882,
6/13/2018 13:59,2244.836,216.1174248,39.67293809,
6/13/2018 13:59,2245.906,215.611206,38.03308779,
6/13/2018 13:59,2246.975,222.4014591,39.43192063,
6/13/2018 13:59,2248.043,223.2109502,39.4276086,
6/13/2018 13:59,2249.114,217.8213506,38.08312324,
6/13/2018 13:59,2250.184,221.6758219,39.06420821,
6/13/2018 13:59,2251.254,223.8185901,40.0199224,
6/13/2018 13:59,2252.324,216.1828354,38.73732024,
6/13/2018 13:59,2253.396,219.2499088,39.49198859,
6/13/2018 13:59,2254.468,220.5172039,38.97849817,
6/13/2018 13:59,2255.54,220.860274,39.31707316,
6/13/2018 13:59,2256.611,224.6289096,40.06962024,
6/13/2018 13:59,2257.683,223.2565105,39.22875582,
6/13/2018 13:59,2258.756,223.7065849,38.93494702,
6/13/2018 13:59,2259.827,217.1021359,37.95173228,
6/13/2018 13:59,2260.898,221.0413905,37.87173396,
6/13/2018 13:59,2261.97,224.3528376,38.79378145,
6/13/2018 13:59,2263.042,223.2146852,38.54950157,
6/13/2018 13:59,2264.113,225.9249754,38.90019208,
6/13/2018 14:00,2265.185,224.0689333,38.51168353,
6/13/2018 14:00,2266.257,221.1575182,37.88639686,
6/13/2018 14:00,2267.329,225.2900547,38.48406002,
6/13/2018 14:00,2268.401,224.7008207,37.62844929,
6/13/2018 14:00,2269.473,228.2317594,39.15176395,
6/13/2018 14:00,2270.543,225.7578029,38.97444496,
6/13/2018 14:00,2271.612,230.5631303,39.81215939,
6/13/2018 14:00,2272.681,225.3485463,39.49583296,
6/13/2018 14:00,2273.751,225.9106465,38.9644008,
6/13/2018 14:00,2274.821,232.0003695,39.30986703,
6/13/2018 14:00,2275.892,228.9302341,40.0021087,
6/13/2018 14:00,2276.962,229.3734084,39.36243306,
6/13/2018 14:00,2278.035,224.2112542,38.90849115,
6/13/2018 14:00,2279.107,225.78319,38.31427952,
6/13/2018 14:00,2280.179,224.7737694,37.52080015,
6/13/2018 14:00,2281.25,227.7022411,37.84490414,
6/13/2018 14:00,2282.322,229.2397773,38.35581377,
6/13/2018 14:00,2283.392,228.1913365,37.71671288,
6/13/2018 14:00,2284.465,225.8729939,37.08883997,
6/13/2018 14:00,2285.535,230.2680416,37.96636106,
6/13/2018 14:00,2286.605,231.8829479,37.27691731,
6/13/2018 14:00,2287.677,228.7585459,37.20264769,
6/13/2018 14:00,2288.747,225.8684021,37.10936201,
6/13/2018 14:00,2289.818,229.7590611,37.08064562,
6/13/2018 14:00,2290.89,231.4651315,36.66726427,
6/13/2018 14:00,2291.962,237.0032404,37.14115486,
6/13/2018 14:00,2293.031,228.3317183,35.62449908,
6/13/2018 14:00,2294.1,233.1484008,36.57614976,
6/13/2018 14:00,2295.172,232.8030939,36.68084382,
6/13/2018 14:00,2296.244,228.9485172,35.85677813,
6/13/2018 14:00,2297.315,234.0448449,36.85888049,
6/13/2018 14:00,2298.386,234.8996312,36.5136954,
6/13/2018 14:00,2299.457,236.7651894,36.50495322,
6/13/2018 14:00,2300.528,233.4356277,36.66617152,
6/13/2018 14:00,2301.599,234.7289964,37.2930142,
6/13/2018 14:00,2302.67,234.9998634,37.32320655,
6/13/2018 14:00,2303.741,233.7517654,36.75679266,
6/13/2018 14:00,2304.811,233.2191285,35.72662776,
6/13/2018 14:00,2305.879,234.0783264,36.46955633,
6/13/2018 14:00,2306.948,237.168791,36.74857424,
6/13/2018 14:00,2308.016,235.5351158,35.90682448,
6/13/2018 14:00,2309.086,234.3280654,37.00009503,
6/13/2018 14:00,2310.154,236.6364893,36.40624441,
6/13/2018 14:00,2311.221,232.7334442,35.72902701,
6/13/2018 14:00,2312.295,236.1907382,35.67188368,
6/13/2018 14:00,2313.365,235.374515,36.69881174,
6/13/2018 14:00,2314.436,234.632943,36.16052842,
6/13/2018 14:00,2315.506,238.2487406,36.06320779,
6/13/2018 14:00,2316.577,239.1784812,36.38689957,
6/13/2018 14:00,2317.648,235.1504652,35.52265145,
6/13/2018 14:00,2318.718,236.4686069,36.54263223,
6/13/2018 14:00,2319.788,238.2942266,36.34622932,
6/13/2018 14:00,2320.858,244.3059119,36.70681971,
6/13/2018 14:00,2321.929,238.0049335,35.69316139,
6/13/2018 14:00,2323.001,236.7113708,36.07391057,
6/13/2018 14:00,2324.072,238.9991873,36.07176249,
6/13/2018 14:01,2325.142,245.6390612,36.94998748,
6/13/2018 14:01,2326.213,242.2822343,36.40810276,
6/13/2018 14:01,2327.282,246.7117269,38.30851078,
6/13/2018 14:01,2328.353,244.1964897,36.63645864,
6/13/2018 14:01,2329.421,245.9692799,37.29776225,
6/13/2018 14:01,2330.489,240.3208404,36.50053903,
6/13/2018 14:01,2331.557,248.2757836,37.39524912,
6/13/2018 14:01,2332.628,244.5681351,36.38980951,
6/13/2018 14:01,2333.696,245.3545062,36.3794825,
6/13/2018 14:01,2334.764,243.5646124,35.89029318,
6/13/2018 14:01,2335.832,247.8521929,36.9574778,
6/13/2018 14:01,2336.897,246.5359061,36.09645634,
6/13/2018 14:01,2337.963,246.0657263,36.04793922,
6/13/2018 14:01,2339.028,244.3805797,35.31691638,
6/13/2018 14:01,2340.096,243.681002,35.69884797,
6/13/2018 14:01,2341.166,245.4216712,34.83094367,
6/13/2018 14:01,2342.236,247.6421742,35.46944869,
6/13/2018 14:01,2343.306,246.2579376,35.23095548,
6/13/2018 14:01,2344.377,245.9722978,34.91127175,
6/13/2018 14:01,2345.447,248.5689079,35.96234625,
6/13/2018 14:01,2346.517,246.5554163,35.73615949,
6/13/2018 14:01,2347.586,247.636106,35.0151179,
6/13/2018 14:01,2348.657,250.5060458,35.35484846,
6/13/2018 14:01,2349.726,250.8846831,35.19933893,
6/13/2018 14:01,2350.794,248.4396327,35.20809517,
6/13/2018 14:01,2351.865,250.3377484,34.56348816,
6/13/2018 14:01,2352.936,251.2719642,34.19154833,
6/13/2018 14:01,2354.007,248.0781475,33.7844916,
6/13/2018 14:01,2355.073,248.6037245,33.85982679,
6/13/2018 14:01,2356.142,244.8123981,33.37633478,
6/13/2018 14:01,2357.21,250.210609,33.3594842,
6/13/2018 14:01,2358.281,248.8768099,34.22514192,
6/13/2018 14:01,2359.352,246.8599141,33.65853529,
6/13/2018 14:01,2360.423,253.9828264,35.21868724,
6/13/2018 14:01,2361.492,248.6402385,34.57261083,
6/13/2018 14:01,2362.564,249.4248623,34.04828068,
6/13/2018 14:01,2363.634,253.0181493,34.76501114,
6/13/2018 14:01,2364.702,256.0948452,35.23548952,
6/13/2018 14:01,2365.77,249.0993858,34.2423123,
6/13/2018 14:01,2366.839,251.6556879,33.97368492,
6/13/2018 14:01,2367.907,250.75843,33.35666734,
6/13/2018 14:01,2368.977,251.2257739,34.03372017,
6/13/2018 14:01,2370.047,253.2703138,33.7488281,
6/13/2018 14:01,2371.115,254.2226102,33.58628888,
6/13/2018 14:01,2372.184,255.1229278,34.08617214,
6/13/2018 14:01,2373.254,253.2657914,32.47679352,
6/13/2018 14:01,2374.324,247.2096182,32.8535355,
6/13/2018 14:01,2375.394,254.7101528,33.8951208,
6/13/2018 14:01,2376.465,256.2936092,33.84830318,
6/13/2018 14:01,2377.533,252.89628,33.39823216,
6/13/2018 14:01,2378.601,254.5576808,33.5583692,
6/13/2018 14:01,2379.669,253.7373373,34.17214142,
6/13/2018 14:01,2380.734,253.1529057,33.50242969,
6/13/2018 14:01,2381.8,255.3471267,33.5046695,
6/13/2018 14:01,2382.869,257.8365981,33.26064285,
6/13/2018 14:01,2383.939,263.1129834,34.95587094,
6/13/2018 14:02,2385.01,257.4811231,33.20430338,
6/13/2018 14:02,2386.079,254.1026023,33.33502348,
6/13/2018 14:02,2387.148,255.2892464,33.6605511,
6/13/2018 14:02,2388.217,259.9105954,33.93687735,
6/13/2018 14:02,2389.288,262.0544897,33.96963641,
6/13/2018 14:02,2390.359,258.1815781,34.07041187,
6/13/2018 14:02,2391.43,262.4145937,33.79635626,
6/13/2018 14:02,2392.5,258.7752504,33.44502153,
6/13/2018 14:02,2393.571,258.3463142,34.07511793,
6/13/2018 14:02,2394.643,265.655322,34.16642299,
6/13/2018 14:02,2395.715,259.1793094,34.3174224,
6/13/2018 14:02,2396.789,259.2195427,33.86600534,
6/13/2018 14:02,2397.859,260.4330736,33.14028923,
6/13/2018 14:02,2398.931,258.40823,33.91560399,
6/13/2018 14:02,2400.002,261.4128898,32.91244037,
6/13/2018 14:02,2401.072,259.2022553,32.95029228,
6/13/2018 14:02,2402.143,262.3261107,33.77298584,
6/13/2018 14:02,2403.214,258.0180333,33.29906662,
6/13/2018 14:02,2404.282,262.7454338,32.55845594,
6/13/2018 14:02,2405.352,266.6016059,32.55957986,
6/13/2018 14:02,2406.422,262.0667279,31.83743419,
6/13/2018 14:02,2407.493,263.3972396,32.59279602,
6/13/2018 14:02,2408.565,265.4259346,32.98387625,
6/13/2018 14:02,2409.638,263.1579915,32.79657282,
6/13/2018 14:02,2410.707,269.3418534,33.34308755,
6/13/2018 14:02,2411.778,269.904115,32.92044731,
6/13/2018 14:02,2412.849,265.3377632,32.44651433,
6/13/2018 14:02,2413.919,265.3796565,33.09619775,
6/13/2018 14:02,2414.991,264.694896,32.60716949,
6/13/2018 14:02,2416.061,268.4566629,32.95463257,
6/13/2018 14:02,2417.133,271.2989676,32.35979393,
6/13/2018 14:02,2418.207,269.3451446,33.54354085,
6/13/2018 14:02,2419.277,261.4095525,31.95619152,
6/13/2018 14:02,2420.347,267.9288177,32.3780974,
6/13/2018 14:02,2421.418,267.5586285,33.00568886,
6/13/2018 14:02,2422.489,269.5830992,32.59276183,
6/13/2018 14:02,2423.561,267.6118548,33.10180981,
6/13/2018 14:02,2424.632,273.4736136,33.50020146,
6/13/2018 14:02,2425.701,273.1869327,33.07509511,
6/13/2018 14:02,2426.771,264.6998769,33.12946886,
6/13/2018 14:02,2427.843,271.3222978,32.76515252,
6/13/2018 14:02,2428.915,276.4887379,33.24863685,
6/13/2018 14:02,2429.984,269.5817086,32.73196035,
6/13/2018 14:02,2431.055,268.2197978,31.89078929,
6/13/2018 14:02,2432.127,272.565395,33.23421494,
6/13/2018 14:02,2433.197,270.7870966,32.59974318,
6/13/2018 14:02,2434.268,270.6778228,32.67199108,
6/13/2018 14:02,2435.341,276.6127222,33.30931373,
6/13/2018 14:02,2436.412,275.0574019,33.75074243,
6/13/2018 14:02,2437.485,274.8247636,32.56855855,
6/13/2018 14:02,2438.557,278.2420023,33.59402528,
6/13/2018 14:02,2439.628,275.76252,34.19353698,
6/13/2018 14:02,2440.701,273.7747479,32.50697417,
6/13/2018 14:02,2441.772,278.5508,33.88357996,
6/13/2018 14:02,2442.843,279.8020199,33.6608722,
6/13/2018 14:02,2443.915,270.3181303,32.16615041,
6/13/2018 14:03,2444.985,278.0107901,33.33030373,
6/13/2018 14:03,2446.059,276.630953,32.80755548,
6/13/2018 14:03,2447.13,278.3705148,33.28047646,
6/13/2018 14:03,2448.199,279.0638422,33.28362638,
6/13/2018 14:03,2449.271,275.1140244,32.31585076,
6/13/2018 14:03,2450.342,276.5330095,32.82281845,
6/13/2018 14:03,2451.416,276.7440198,32.56499967,
6/13/2018 14:03,2452.487,277.2995847,32.94278626,
6/13/2018 14:03,2453.559,277.7992221,32.92911554,
6/13/2018 14:03,2454.631,277.1398643,32.69535519,
6/13/2018 14:03,2455.703,274.8071377,32.24045856,
6/13/2018 14:03,2456.775,281.2812548,32.54782619,
6/13/2018 14:03,2457.846,275.0673061,32.21413918,
6/13/2018 14:03,2458.917,275.709734,32.38971564,
6/13/2018 14:03,2459.988,278.8990945,31.6475053,
6/13/2018 14:03,2461.057,276.7779086,31.01053127,
6/13/2018 14:03,2462.13,282.9292506,32.67946393,
6/13/2018 14:03,2463.201,285.2286032,31.95854088,
6/13/2018 14:03,2464.272,276.8743799,30.75080534,
6/13/2018 14:03,2465.343,282.4132767,31.54597082,
6/13/2018 14:03,2466.415,279.3976251,31.22108491,
6/13/2018 14:03,2467.487,275.1598429,30.89519839,
6/13/2018 14:03,2468.559,281.8577979,31.44845549,
6/13/2018 14:03,2469.631,285.8336536,31.6060215,
6/13/2018 14:03,2470.703,285.7501782,31.29844215,
6/13/2018 14:03,2471.772,284.8441768,31.65407044,
6/13/2018 14:03,2472.84,282.9378782,30.22838506,
6/13/2018 14:03,2473.909,274.3160621,29.65401456,
6/13/2018 14:03,2474.978,282.5555136,30.13859038,
6/13/2018 14:03,2476.046,281.2356882,30.94079135,
6/13/2018 14:03,2477.118,280.8990571,29.7331427,
6/13/2018 14:03,2478.19,282.5105809,29.3386769,
6/13/2018 14:03,2479.261,284.3675146,31.09934727,
6/13/2018 14:03,2480.332,284.7644809,30.54955684,
6/13/2018 14:03,2481.403,293.2355038,32.01103846,
6/13/2018 14:03,2482.474,285.6852899,30.65981731,
6/13/2018 14:03,2483.546,289.5183735,30.63663461,
6/13/2018 14:03,2484.615,288.95691,30.88165911,
6/13/2018 14:03,2485.685,283.3094629,30.11299112,
6/13/2018 14:03,2486.755,280.7393545,30.58550182,
6/13/2018 14:03,2487.826,284.5427423,30.66998868,
6/13/2018 14:03,2488.898,282.0695474,29.67696685,
6/13/2018 14:03,2489.968,285.3011597,29.89742285,
6/13/2018 14:03,2491.04,283.3256574,29.57811433,
6/13/2018 14:03,2492.11,291.7032959,30.53225417,
6/13/2018 14:03,2493.182,286.7511976,30.71535884,
6/13/2018 14:03,2494.253,288.5232724,30.84216625,
6/13/2018 14:03,2495.324,287.4596247,30.01584652,
6/13/2018 14:03,2496.394,287.6855509,30.12938431,
6/13/2018 14:03,2497.467,292.9779285,30.88752119,
6/13/2018 14:03,2498.537,292.9466096,31.11515105,
6/13/2018 14:03,2499.606,294.5685755,31.33435664,
6/13/2018 14:03,2500.675,291.4257689,30.91430197,
6/13/2018 14:03,2501.742,291.5918439,30.52479677,
6/13/2018 14:03,2502.812,288.0747474,30.33856966,
6/13/2018 14:03,2503.882,286.0595361,29.97756042,
6/13/2018 14:04,2504.952,285.9281974,30.03681973,
6/13/2018 14:04,2506.024,295.8840495,30.43227929,
6/13/2018 14:04,2507.096,286.3021678,29.80299672,
6/13/2018 14:04,2508.169,291.0445848,30.48130826,
6/13/2018 14:04,2509.239,289.263708,30.96375015,
6/13/2018 14:04,2510.31,285.2214185,30.32866426,
6/13/2018 14:04,2511.381,292.2305829,31.28178088,
6/13/2018 14:04,2512.451,292.7290239,30.05751425,
6/13/2018 14:04,2513.52,287.4868703,30.64528008,
6/13/2018 14:04,2514.59,291.2140544,31.26911197,
6/13/2018 14:04,2515.66,294.2164822,31.02588222,
6/13/2018 14:04,2516.731,286.3159352,29.37470367,
6/13/2018 14:04,2517.803,289.8868196,30.85142364,
6/13/2018 14:04,2518.874,290.3355324,30.48060693,
6/13/2018 14:04,2519.946,294.3512019,30.85182223,
6/13/2018 14:04,2521.019,296.7362917,31.47599332,
6/13/2018 14:04,2522.09,287.2699124,29.94442035,
6/13/2018 14:04,2523.16,292.2337618,31.60806413,
6/13/2018 14:04,2524.23,283.7653112,30.75267757,
6/13/2018 14:04,2525.301,281.5519437,29.58790607,
6/13/2018 14:04,2526.373,287.6122808,31.15016038,
6/13/2018 14:04,2527.444,293.2447557,30.64231503,
6/13/2018 14:04,2528.514,295.6274763,30.74598752,
6/13/2018 14:04,2529.584,288.8234705,30.76473531,
6/13/2018 14:04,2530.655,291.0062183,30.75488252,
6/13/2018 14:04,2531.725,287.3380828,30.78702727,
6/13/2018 14:04,2532.797,289.3665794,30.62539301,
6/13/2018 14:04,2533.869,291.4969892,30.14415888,
6/13/2018 14:04,2534.941,290.2426485,30.50451598,
6/13/2018 14:04,2536.014,287.9978514,30.04079143,
6/13/2018 14:04,2537.085,287.819393,29.84848109,
6/13/2018 14:04,2538.157,290.3707906,30.45395163,
6/13/2018 14:04,2539.229,290.6501627,31.19769918,
6/13/2018 14:04,2540.299,285.5983534,29.60439394,
6/13/2018 14:04,2541.368,289.7755608,30.43874179,
6/13/2018 14:04,2542.439,293.2820005,30.75772122,
6/13/2018 14:04,2543.511,287.8146343,29.35393459,
6/13/2018 14:04,2544.582,290.3531641,29.58409765,
6/13/2018 14:04,2545.653,284.1433263,29.59448041,
6/13/2018 14:04,2546.724,288.7854567,28.97279746,
6/13/2018 14:04,2547.796,281.5281387,28.45677814,
6/13/2018 14:04,2548.867,284.3994451,28.42944071,
6/13/2018 14:04,2549.94,283.1333156,28.48937941,
6/13/2018 14:04,2551.011,283.3641334,28.58280923,
6/13/2018 14:04,2552.083,290.3748949,29.29493727,
6/13/2018 14:04,2553.154,280.4163424,27.99006194,
6/13/2018 14:04,2554.226,283.4348926,28.27704251,
6/13/2018 14:04,2555.298,283.1180134,28.72839993,
6/13/2018 14:04,2556.367,283.4031168,28.75704628,
6/13/2018 14:04,2557.439,279.3317126,28.73717578,
6/13/2018 14:04,2558.51,287.1315404,28.73122017,
6/13/2018 14:04,2559.581,284.745948,28.77345383,
6/13/2018 14:04,2560.649,286.2559698,28.52106446,
6/13/2018 14:04,2561.72,284.7699241,28.72539964,
6/13/2018 14:04,2562.792,287.3415256,29.19862287,
6/13/2018 14:04,2563.861,286.3234132,28.65985467,
6/13/2018 14:05,2564.934,289.0274824,28.77184799,
6/13/2018 14:05,2566.003,280.6188543,28.61473437,
6/13/2018 14:05,2567.073,284.1748739,29.26797008,
6/13/2018 14:05,2568.144,290.3524937,29.41880923,
6/13/2018 14:05,2569.215,287.4721481,28.94473228,
6/13/2018 14:05,2570.287,286.447419,29.53002837,
6/13/2018 14:05,2571.359,289.220496,28.60476649,
6/13/2018 14:05,2572.429,284.7747321,29.27303461,
6/13/2018 14:05,2573.501,281.2813889,28.39293427,
6/13/2018 14:05,2574.572,286.4294474,29.19231419,
6/13/2018 14:05,2575.643,281.5439771,28.95471765,
6/13/2018 14:05,2576.715,285.7407327,29.76287503,
6/13/2018 14:05,2577.785,283.9187337,28.49853007,
6/13/2018 14:05,2578.853,285.9196799,28.75457917,
6/13/2018 14:05,2579.922,284.3113208,28.38171828,
6/13/2018 14:05,2580.992,284.1257333,27.61021847,
6/13/2018 14:05,2582.062,277.0933763,27.39700652,
6/13/2018 14:05,2583.129,283.966227,28.37253689,
6/13/2018 14:05,2584.199,281.9526993,27.21476197,
6/13/2018 14:05,2585.268,279.9001411,27.22531816,
6/13/2018 14:05,2586.338,281.2758508,28.30038964,
6/13/2018 14:05,2587.407,283.6318689,27.48353723,
6/13/2018 14:05,2588.476,283.3149824,27.68976389,
6/13/2018 14:05,2589.545,277.9709081,27.28283436,
6/13/2018 14:05,2590.613,286.3956977,27.65338393,
6/13/2018 14:05,2591.684,278.3537471,27.46673711,
6/13/2018 14:05,2592.753,280.4655182,27.97475934,
6/13/2018 14:05,2593.824,288.1307834,27.94746188,
6/13/2018 14:05,2594.896,285.7473335,27.88338579,
6/13/2018 14:05,2595.967,285.8032978,27.41271032,
6/13/2018 14:05,2597.037,286.5955014,28.97322239,
6/13/2018 14:05,2598.11,282.8627113,28.13031014,
6/13/2018 14:05,2599.181,282.5200059,28.47894211,
6/13/2018 14:05,2600.252,284.4949635,28.57723299,
6/13/2018 14:05,2601.323,280.9760569,28.11228082,
6/13/2018 14:05,2602.389,283.6087037,28.81525455,
6/13/2018 14:05,2603.454,288.6979392,28.23341481,
6/13/2018 14:05,2604.521,289.83591,29.73198518,
6/13/2018 14:05,2605.591,284.5942219,28.92487621,
6/13/2018 14:05,2606.658,280.6407988,28.66818639,
6/13/2018 14:05,2607.73,290.2149145,28.89182523,
6/13/2018 14:05,2608.799,281.3733224,28.17609557,
6/13/2018 14:05,2609.868,280.69054,27.85727671,
6/13/2018 14:05,2610.938,279.0824448,27.52978571,
6/13/2018 14:05,2612.006,281.2695428,27.82617025,
6/13/2018 14:05,2613.075,283.1738697,27.33894816,
6/13/2018 14:05,2614.143,285.7542231,27.74615686,
6/13/2018 14:05,2615.214,283.43781,27.13616162,
6/13/2018 14:05,2616.284,285.0773533,26.63399757,
6/13/2018 14:05,2617.352,279.9502679,26.90537314,
6/13/2018 14:05,2618.421,281.7989511,27.28985387,
6/13/2018 14:05,2619.491,281.34248,26.90917828,
6/13/2018 14:05,2620.56,284.1337104,26.68881607,
6/13/2018 14:05,2621.63,278.8898861,26.6379504,
6/13/2018 14:05,2622.698,287.3671745,28.16118467,
6/13/2018 14:05,2623.767,280.4123606,27.05025931,
6/13/2018 14:06,2624.838,278.6333942,26.30337024,
6/13/2018 14:06,2625.907,283.70911,27.43410007,
6/13/2018 14:06,2626.976,279.7244207,26.36046524,
6/13/2018 14:06,2628.045,285.3692592,27.26631112,
6/13/2018 14:06,2629.117,277.6666545,26.86640236,
6/13/2018 14:06,2630.185,280.5492087,25.98240898,
6/13/2018 14:06,2631.256,282.526333,26.96681076,
6/13/2018 14:06,2632.325,276.0702906,25.69821684,
6/13/2018 14:06,2633.395,278.6657863,25.62074815,
6/13/2018 14:06,2634.464,280.0101007,26.78862013,
6/13/2018 14:06,2635.532,278.7797656,26.8171313,
6/13/2018 14:06,2636.603,278.0901861,26.77897825,
6/13/2018 14:06,2637.675,280.7237029,26.57043272,
6/13/2018 14:06,2638.75,280.7817006,27.18387929,
6/13/2018 14:06,2639.822,283.9069493,27.35429684,
6/13/2018 14:06,2640.892,278.7257411,26.6535967,
6/13/2018 14:06,2641.963,280.2160984,26.14107835,
6/13/2018 14:06,2643.034,278.9537886,27.56809062,
6/13/2018 14:06,2644.103,287.3419169,27.3507816,
6/13/2018 14:06,2645.172,285.9172256,27.75682112,
6/13/2018 14:06,2646.241,281.9747447,27.01546394,
6/13/2018 14:06,2647.309,280.9033428,26.69768281,
6/13/2018 14:06,2648.378,286.8624376,27.80032643,
6/13/2018 14:06,2649.448,283.9607675,26.69996535,
6/13/2018 14:06,2650.515,279.3611351,26.68481352,
6/13/2018 14:06,2651.585,279.1325971,26.8224965,
6/13/2018 14:06,2652.653,281.8735328,27.18846482,
6/13/2018 14:06,2653.722,287.5052516,27.39810546,
6/13/2018 14:06,2654.792,284.7030091,27.26598959,
6/13/2018 14:06,2655.861,277.1198956,26.15339803,
6/13/2018 14:06,2656.93,284.1773742,26.50775912,
6/13/2018 14:06,2657.998,283.4383596,26.65884075,
6/13/2018 14:06,2659.067,283.3579744,26.85769642,
6/13/2018 14:06,2660.136,283.1489606,26.45507503,
6/13/2018 14:06,2661.209,282.7599415,26.58743713,
6/13/2018 14:06,2662.279,277.3801398,25.74648462,
6/13/2018 14:06,2663.349,283.3314795,26.26274323,
6/13/2018 14:06,2664.42,282.9743189,26.32971285,
6/13/2018 14:06,2665.491,278.8586387,26.47463251,
6/13/2018 14:06,2666.562,274.345811,25.70178618,
6/13/2018 14:06,2667.634,281.1959124,27.24348072,
6/13/2018 14:06,2668.707,278.838286,25.91320546,
6/13/2018 14:06,2669.777,286.3843954,27.8771458,
6/13/2018 14:06,2670.848,287.5651625,27.72224594,
6/13/2018 14:06,2671.919,282.7781738,26.45164482,
6/13/2018 14:06,2672.992,283.8503369,27.13971858,
6/13/2018 14:06,2674.062,282.7852183,27.46086392,
6/13/2018 14:06,2675.135,284.3824129,28.29316096,
6/13/2018 14:06,2676.206,291.634258,27.70158633,
6/13/2018 14:06,2677.278,286.7006326,28.39076871,
6/13/2018 14:06,2678.348,288.754506,28.21363422,
6/13/2018 14:06,2679.419,285.7125697,28.22873772,
6/13/2018 14:06,2680.491,285.9506555,28.47364402,
6/13/2018 14:06,2681.562,282.8811108,28.53620163,
6/13/2018 14:06,2682.633,283.3808567,28.06450881,
6/13/2018 14:06,2683.703,287.9075788,28.22339303,
6/13/2018 14:07,2684.775,287.0071091,28.52628027,
6/13/2018 14:07,2685.846,284.2692158,28.40704408,
6/13/2018 14:07,2686.916,278.2810528,26.90098037,
6/13/2018 14:07,2687.986,286.2271991,27.60052558,
6/13/2018 14:07,2689.056,284.2132191,27.53917415,
6/13/2018 14:07,2690.126,279.8242656,27.01920802,
6/13/2018 14:07,2691.197,289.3983032,27.20654795,
6/13/2018 14:07,2692.269,285.8548419,26.38696279,
6/13/2018 14:07,2693.341,276.2682382,26.00808217,
6/13/2018 14:07,2694.414,277.7601146,26.12340167,
6/13/2018 14:07,2695.486,278.0667161,25.91269501,
6/13/2018 14:07,2696.558,282.7024852,26.01665786,
6/13/2018 14:07,2697.629,282.6576939,25.58633818,
6/13/2018 14:07,2698.701,287.528778,26.07151258,
6/13/2018 14:07,2699.773,276.8928008,25.65317525,
6/13/2018 14:07,2700.845,274.7082329,25.16305721,
6/13/2018 14:07,2701.917,282.1584761,26.60805834,
6/13/2018 14:07,2702.988,279.1045487,26.82118208,
6/13/2018 14:07,2704.059,279.2371931,25.76112858,
6/13/2018 14:07,2705.131,283.7987732,27.0754242,
6/13/2018 14:07,2706.201,281.1459187,26.67868185,
6/13/2018 14:07,2707.271,281.7163841,26.73145548,
6/13/2018 14:07,2708.342,283.8114482,25.67830687,
6/13/2018 14:07,2709.413,288.8326876,26.10102238,
6/13/2018 14:07,2710.482,283.0829613,25.57579073,
6/13/2018 14:07,2711.553,280.56905,25.84909546,
6/13/2018 14:07,2712.623,281.605368,25.66340007,
6/13/2018 14:07,2713.693,279.9774135,26.7876705,
6/13/2018 14:07,2714.765,284.5709979,26.5198629,
6/13/2018 14:07,2715.836,281.1377604,26.52553261,
6/13/2018 14:07,2716.907,284.7654098,26.14015485,
6/13/2018 14:07,2717.979,281.6512263,26.39979166,
6/13/2018 14:07,2719.049,280.09326,26.07813815,
6/13/2018 14:07,2720.12,281.9957668,27.14170288,
6/13/2018 14:07,2721.191,288.0816152,27.4357278,
6/13/2018 14:07,2722.262,286.7526313,27.32000657,
6/13/2018 14:07,2723.333,281.0051959,26.96758138,
6/13/2018 14:07,2724.403,283.3070552,27.79095504,
6/13/2018 14:07,2725.475,285.3803029,27.41509964,
6/13/2018 14:07,2726.546,276.7145212,26.07604891,
6/13/2018 14:07,2727.618,288.3145473,28.43027706,
6/13/2018 14:07,2728.689,279.3292967,26.86547244,
6/13/2018 14:07,2729.761,284.1331193,26.89137317,
6/13/2018 14:07,2730.832,282.31528,25.77258216,
6/13/2018 14:07,2731.903,285.1355394,26.03258949,
6/13/2018 14:07,2732.974,279.9646837,25.5697773,
6/13/2018 14:07,2734.045,277.295314,25.75941339,
6/13/2018 14:07,2735.115,282.5530706,26.03029092,
6/13/2018 14:07,2736.186,280.2520829,25.56930917,
6/13/2018 14:07,2737.257,278.2914944,25.28253913,
6/13/2018 14:07,2738.327,285.6983105,26.46788159,
6/13/2018 14:07,2739.397,283.052496,26.53841422,
6/13/2018 14:07,2740.469,280.0273576,25.04241644,
6/13/2018 14:07,2741.541,281.3055827,26.4250464,
6/13/2018 14:07,2742.613,283.6289891,25.5399293,
6/13/2018 14:07,2743.684,282.3552328,26.19517153,
6/13/2018 14:08,2744.757,285.8956577,26.4390817,
6/13/2018 14:08,2745.828,282.4283785,25.8485497,
6/13/2018 14:08,2746.899,282.9011885,26.18246232,
6/13/2018 14:08,2747.971,281.3136228,25.99650391,
6/13/2018 14:08,2749.043,278.9482446,26.24333818,
6/13/2018 14:08,2750.115,286.8814855,26.58438246,
6/13/2018 14:08,2751.188,276.8874772,26.61698701,
6/13/2018 14:08,2752.26,288.841431,26.5053272,
6/13/2018 14:08,2753.331,283.6800967,25.80962947,
6/13/2018 14:08,2754.404,281.5619916,25.73419322,
6/13/2018 14:08,2755.475,281.8199546,26.46966062,
6/13/2018 14:08,2756.548,283.939983,26.61748126,
6/13/2018 14:08,2757.619,282.4335252,26.28069063,
6/13/2018 14:08,2758.69,286.4453517,26.20598156,
6/13/2018 14:08,2759.761,284.2458624,26.32887804,
6/13/2018 14:08,2760.832,276.220174,24.96489843,
6/13/2018 14:08,2761.904,282.0859111,25.73079208,
6/13/2018 14:08,2762.976,279.3516082,25.44396973,
6/13/2018 14:08,2764.046,287.8874605,26.53012548,
6/13/2018 14:08,2765.117,279.856299,25.91766937,
6/13/2018 14:08,2766.187,275.8508689,25.46702127,
6/13/2018 14:08,2767.259,287.2401496,26.26133753,
6/13/2018 14:08,2768.33,284.5067678,25.78353822,
6/13/2018 14:08,2769.402,285.8487405,25.82084769,
6/13/2018 14:08,2770.474,285.528874,25.97852127,
6/13/2018 14:08,2771.543,284.2750573,26.34130844,
6/13/2018 14:08,2772.613,282.757322,26.47419006,
6/13/2018 14:08,2773.683,281.3581621,26.21513317,
6/13/2018 14:08,2774.755,279.8160685,25.08385084,
6/13/2018 14:08,2775.825,287.0537738,25.53279759,
6/13/2018 14:08,2776.893,282.7843863,25.72824805,
6/13/2018 14:08,2777.958,283.2273467,25.82195956,
6/13/2018 14:08,2779.025,282.6056707,25.19422336,
6/13/2018 14:08,2780.092,276.4780062,24.90103428,
6/13/2018 14:08,2781.163,284.5146841,26.297097,
6/13/2018 14:08,2782.228,280.6804987,25.54769005,
6/13/2018 14:08,2783.293,284.3218492,26.11761593,
6/13/2018 14:08,2784.36,285.6082825,26.84596039,
6/13/2018 14:08,2785.425,281.79076,26.13904673,
6/13/2018 14:08,2786.49,286.0381564,25.96670966,
6/13/2018 14:08,2787.555,288.819447,27.21947884,
6/13/2018 14:08,2788.62,286.3025806,25.82489292,
6/13/2018 14:08,2789.687,280.6461686,25.65476069,
6/13/2018 14:08,2790.752,289.7316643,26.76524427,
6/13/2018 14:08,2791.818,279.4298277,25.91989822,
6/13/2018 14:08,2792.885,284.1367783,26.7790351,
6/13/2018 14:08,2793.949,287.8799299,26.25123663,
6/13/2018 14:08,2795.016,284.6922173,25.70604008,
6/13/2018 14:08,2796.08,282.3315211,25.50995434,
6/13/2018 14:08,2797.145,285.4544067,25.24407869,
6/13/2018 14:08,2798.211,281.8292752,25.63145308,
6/13/2018 14:08,2799.282,281.3365525,25.86251051,
6/13/2018 14:08,2800.356,280.6136897,25.3499255,
6/13/2018 14:08,2801.427,280.3491021,24.49577009,
6/13/2018 14:08,2802.499,281.3484372,25.55976972,
6/13/2018 14:08,2803.565,282.3895626,24.71051756,
6/13/2018 14:09,2804.631,280.10063,24.41072681,
6/13/2018 14:09,2805.702,285.1532128,25.43350994,
6/13/2018 14:09,2806.774,282.7820252,26.00263002,
6/13/2018 14:09,2807.847,279.2345984,24.65886671,
6/13/2018 14:09,2808.917,284.9903949,26.41883315,
6/13/2018 14:09,2809.989,282.5168411,25.09722577,
6/13/2018 14:09,2811.06,279.4742325,24.47375182,
6/13/2018 14:09,2812.132,284.6305307,25.69070589,
6/13/2018 14:09,2813.206,284.3236663,24.60615768,
6/13/2018 14:09,2814.278,285.3660294,25.34355503,
6/13/2018 14:09,2815.35,280.4624981,25.03550602,
6/13/2018 14:09,2816.419,284.5750507,25.04525063,
6/13/2018 14:09,2817.487,281.6534203,26.06207119,
6/13/2018 14:09,2818.556,280.7565903,25.24280471,
6/13/2018 14:09,2819.626,283.2873006,26.12298221,
6/13/2018 14:09,2820.694,280.0032321,25.06319839,
6/13/2018 14:09,2821.764,283.6382301,25.05524686,
6/13/2018 14:09,2822.832,283.2660266,24.84982248,
6/13/2018 14:09,2823.901,282.3874159,24.90792948,
6/13/2018 14:09,2824.97,278.8456675,24.67558309,
6/13/2018 14:09,2826.041,276.302103,24.23444535,
6/13/2018 14:09,2827.11,283.6864152,25.56770405,
6/13/2018 14:09,2828.179,288.3206908,24.94967474,
6/13/2018 14:09,2829.247,279.5343543,24.14907013,
6/13/2018 14:09,2830.317,278.9635951,25.01585447,
6/13/2018 14:09,2831.384,279.9292549,23.74269648,
6/13/2018 14:09,2832.453,279.9166657,24.46865962,
6/13/2018 14:09,2833.524,278.6236764,23.93158104,
6/13/2018 14:09,2834.594,284.580343,24.63632753,
6/13/2018 14:09,2835.665,280.7367205,24.32906005,
6/13/2018 14:09,2836.734,283.1881234,24.48075321,
6/13/2018 14:09,2837.805,275.5045986,24.79929445,
6/13/2018 14:09,2838.877,279.1147401,24.33101941,
6/13/2018 14:09,2839.947,278.4390344,25.16071886,
6/13/2018 14:09,2841.019,285.3335203,26.32439229,
6/13/2018 14:09,2842.09,285.2052188,25.51954949,
6/13/2018 14:09,2843.161,280.7761956,25.15466103,
6/13/2018 14:09,2844.232,277.6319833,25.08237036,
6/13/2018 14:09,2845.303,288.6469919,25.85283845,
6/13/2018 14:09,2846.375,285.8719291,25.40128849,
6/13/2018 14:09,2847.445,279.3285377,24.37764618,
6/13/2018 14:09,2848.516,281.0721524,25.35267595,
6/13/2018 14:09,2849.588,276.8336748,24.2206512,
6/13/2018 14:09,2850.658,278.5362301,24.08546792,
6/13/2018 14:09,2851.729,279.6635186,24.41099689,
6/13/2018 14:09,2852.8,282.0324841,24.31581933,
6/13/2018 14:09,2853.871,283.2388362,25.16748443,
6/13/2018 14:09,2854.943,283.4384207,25.46786417,
6/13/2018 14:09,2856.015,280.2336082,24.91227343,
6/13/2018 14:09,2857.085,278.9797383,24.34493029,
6/13/2018 14:09,2858.154,283.3150102,24.19463909,
6/13/2018 14:09,2859.224,278.0187446,24.43336246,
6/13/2018 14:09,2860.293,277.1866508,24.45266108,
6/13/2018 14:09,2861.364,280.7603625,24.06832247,
6/13/2018 14:09,2862.433,278.2579642,23.42276337,
6/13/2018 14:09,2863.502,276.4412103,23.35587927,
6/13/2018 14:09,2864.571,281.7052076,23.70052306,
6/13/2018 14:10,2865.641,278.5769512,22.83899773,
6/13/2018 14:10,2866.714,277.8837042,23.10459291,
6/13/2018 14:10,2867.785,280.4190721,24.35532444,
6/13/2018 14:10,2868.857,281.0740865,23.50630443,
6/13/2018 14:10,2869.929,280.5052112,23.37388204,
6/13/2018 14:10,2871.001,273.9837087,21.96907336,
6/13/2018 14:10,2872.072,274.7484485,22.85825569,
6/13/2018 14:10,2873.144,280.2753464,22.7134478,
6/13/2018 14:10,2874.215,279.6559134,22.515451,
6/13/2018 14:10,2875.287,280.2918147,23.1722627,
6/13/2018 14:10,2876.359,277.2248765,22.48926913,
6/13/2018 14:10,2877.43,276.6701408,23.18352222,
6/13/2018 14:10,2878.502,281.3446749,23.72603195,
6/13/2018 14:10,2879.573,278.1238378,23.35122583,
6/13/2018 14:10,2880.645,281.6081576,23.19331938,
6/13/2018 14:10,2881.716,277.5972356,23.27624016,
6/13/2018 14:10,2882.787,281.8612911,24.58112287,
6/13/2018 14:10,2883.855,280.210396,23.85657141,
6/13/2018 14:10,2884.928,276.478715,23.13168228,
6/13/2018 14:10,2885.998,280.6617705,24.75540112,
6/13/2018 14:10,2887.068,279.0859829,23.27801919,
6/13/2018 14:10,2888.14,284.6301459,23.80070077,
6/13/2018 14:10,2889.21,279.3711906,23.76370753,
6/13/2018 14:10,2890.28,275.6223314,23.26092411,
6/13/2018 14:10,2891.351,272.1907728,22.57382072,
6/13/2018 14:10,2892.42,282.4621972,23.1404045,
6/13/2018 14:10,2893.49,279.1501547,24.22000889,
6/13/2018 14:10,2894.562,281.1898372,24.03439457,
6/13/2018 14:10,2895.633,278.5922152,24.06328939,
6/13/2018 14:10,2896.702,282.8673043,23.96623561,
6/13/2018 14:10,2897.773,278.5645412,23.99733538,
6/13/2018 14:10,2898.842,280.9944094,23.71777439,
6/13/2018 14:10,2899.915,285.3115611,23.93667923,
6/13/2018 14:10,2900.987,280.9088324,23.86911682,
6/13/2018 14:10,2902.059,284.0403663,24.25642654,
6/13/2018 14:10,2903.13,280.8464674,24.61027516,
6/13/2018 14:10,2904.2,281.5683665,24.0778167,
6/13/2018 14:10,2905.272,284.8994929,24.29182127,
6/13/2018 14:10,2906.345,275.7319482,23.59193013,
6/13/2018 14:10,2907.415,282.780695,23.39503092,
6/13/2018 14:10,2908.485,284.1977359,23.50279451,
6/13/2018 14:10,2909.556,275.6381011,23.86050617,
6/13/2018 14:10,2910.627,279.5695189,23.67456805,
6/13/2018 14:10,2911.699,282.3715093,23.78988261,
6/13/2018 14:10,2912.77,281.2479099,23.81502083,
6/13/2018 14:10,2913.844,279.0230748,23.2749412,
6/13/2018 14:10,2914.915,280.8529422,23.60639512,
6/13/2018 14:10,2915.984,275.7207749,22.81606618,
6/13/2018 14:10,2917.056,279.1497523,23.86211704,
6/13/2018 14:10,2918.126,278.3193833,23.40174588,
6/13/2018 14:10,2919.196,277.4296709,23.36048252,
6/13/2018 14:10,2920.267,281.2553507,22.62858039,
6/13/2018 14:10,2921.337,279.2804736,23.54668533,
6/13/2018 14:10,2922.407,277.1791169,23.69992445,
6/13/2018 14:10,2923.477,275.1524876,24.07064992,
6/13/2018 14:10,2924.548,288.1622057,23.85844445,
6/13/2018 14:11,2925.62,276.1960562,23.02736847,
6/13/2018 14:11,2926.692,282.6071327,24.34836286,
6/13/2018 14:11,2927.764,279.5894827,23.88335731,
6/13/2018 14:11,2928.834,279.2904174,23.92461451,
6/13/2018 14:11,2929.905,279.8603068,23.49502728,
6/13/2018 14:11,2930.976,278.9859661,22.83238438,
6/13/2018 14:11,2932.048,277.9772995,23.17695123,
6/13/2018 14:11,2933.116,278.6589258,23.07746251,
6/13/2018 14:11,2934.181,279.3008613,23.53457668,
6/13/2018 14:11,2935.246,274.2771294,22.53197635,
6/13/2018 14:11,2936.312,277.0330745,23.65795584,
6/13/2018 14:11,2937.377,281.0866612,22.86904069,
6/13/2018 14:11,2938.443,279.7499197,23.10149777,
6/13/2018 14:11,2939.509,274.314963,22.49474952,
6/13/2018 14:11,2940.574,277.1751442,22.65341177,
6/13/2018 14:11,2941.64,275.2660319,22.42174719,
6/13/2018 14:11,2942.705,269.6486093,22.22157819,
6/13/2018 14:11,2943.77,280.2035671,23.46548002,
6/13/2018 14:11,2944.836,278.5858097,22.85865748,
6/13/2018 14:11,2945.9,272.9893484,22.8291259,
6/13/2018 14:11,2946.968,278.7725556,23.30441568,
6/13/2018 14:11,2948.037,274.7439208,23.51995391,
6/13/2018 14:11,2949.104,282.809614,22.89375151,
6/13/2018 14:11,2950.173,280.4746585,22.66548318,
6/13/2018 14:11,2951.245,274.6945696,22.98638375,
6/13/2018 14:11,2952.315,277.1950176,22.3020179,
6/13/2018 14:11,2953.385,280.3575942,23.36136983,
6/13/2018 14:11,2954.456,277.0157773,22.38148744,
6/13/2018 14:11,2955.53,277.7324859,22.75774802,
6/13/2018 14:11,2956.601,279.9361063,23.0267584,
6/13/2018 14:11,2957.673,269.6015533,21.9995529,
6/13/2018 14:11,2958.743,278.0807108,22.84746569,
6/13/2018 14:11,2959.813,275.575698,23.26338228,
6/13/2018 14:11,2960.884,278.8673498,23.30098034,
6/13/2018 14:11,2961.954,279.7423939,23.21503623,
6/13/2018 14:11,2963.023,277.2919154,23.29084225,
6/13/2018 14:11,2964.093,281.4250653,23.84288982,
6/13/2018 14:11,2965.163,281.6209774,23.05763134,
6/13/2018 14:11,2966.233,276.9406442,23.43810419,
6/13/2018 14:11,2967.305,276.8194882,23.68429302,
6/13/2018 14:11,2968.376,277.7109405,23.01197268,
6/13/2018 14:11,2969.447,275.697342,23.02864318,
6/13/2018 14:11,2970.518,277.9295328,22.53701727,
6/13/2018 14:11,2971.588,279.7086026,22.74959906,
6/13/2018 14:11,2972.659,278.1237636,23.05021555,
6/13/2018 14:11,2973.731,280.5137757,23.54852624,
6/13/2018 14:11,2974.803,278.3501661,22.98894862,
6/13/2018 14:11,2975.875,277.8804959,23.24532965,
6/13/2018 14:11,2976.945,273.7229056,22.81480329,
6/13/2018 14:11,2978.015,274.9866618,21.95355393,
6/13/2018 14:11,2979.086,279.9105002,22.42198163,
6/13/2018 14:11,2980.156,282.7338812,22.83514344,
6/13/2018 14:11,2981.228,274.4761307,22.33930798,
6/13/2018 14:11,2982.3,274.6971162,21.38959622,
6/13/2018 14:11,2983.37,282.0879694,22.83542215,
6/13/2018 14:11,2984.442,275.426149,22.08262305,
6/13/2018 14:12,2985.513,276.1422619,22.29845772,
6/13/2018 14:12,2986.584,279.4626703,22.6243092,
6/13/2018 14:12,2987.656,278.1768592,22.73626841,
6/13/2018 14:12,2988.727,277.8891331,22.16679125,
6/13/2018 14:12,2989.798,282.6989287,22.56139973,
6/13/2018 14:12,2990.87,276.6650644,22.40820055,
6/13/2018 14:12,2991.941,278.7706917,22.71462366,
6/13/2018 14:12,2993.014,278.4982742,21.59720737,
6/13/2018 14:12,2994.087,280.043828,22.42246769,
6/13/2018 14:12,2995.156,275.6355403,22.60666014,
6/13/2018 14:12,2996.228,279.022053,21.62968155,
6/13/2018 14:12,2997.298,274.6768274,21.26933538,
6/13/2018 14:12,2998.368,279.3763379,21.44317047,
6/13/2018 14:12,2999.439,279.1108172,22.47570879,
6/13/2018 14:12,3000.51,271.9889851,21.14313697,
6/13/2018 14:12,3001.581,272.0874439,20.86208604,
6/13/2018 14:12,3002.65,274.9982478,21.28606983,
6/13/2018 14:12,3003.72,273.418887,20.07858028,
6/13/2018 14:12,3004.792,278.0614078,21.58144974,
6/13/2018 14:12,3005.862,277.4149146,21.67650474,
6/13/2018 14:12,3006.933,275.9591782,20.99325355,
6/13/2018 14:12,3008.004,277.828875,21.37644981,
6/13/2018 14:12,3009.076,272.4642762,20.53202827,
6/13/2018 14:12,3010.147,275.8074021,20.99118408,
6/13/2018 14:12,3011.216,272.9586738,20.97366171,
6/13/2018 14:12,3012.286,271.476404,20.33374356,
6/13/2018 14:12,3013.357,274.9623216,21.04044525,
6/13/2018 14:12,3014.428,278.1729519,21.91232747,
6/13/2018 14:12,3015.499,278.7497069,21.59547449,
6/13/2018 14:12,3016.57,278.3997332,21.08902333,
6/13/2018 14:12,3017.64,270.6839827,20.84907408,
6/13/2018 14:12,3018.711,274.3401492,20.81329489,
6/13/2018 14:12,3019.785,274.9446609,21.53850081,
6/13/2018 14:12,3020.855,269.537052,19.48018865,
6/13/2018 14:12,3021.925,275.3580793,20.41329639,
6/13/2018 14:12,3022.997,271.4945094,20.24644372,
6/13/2018 14:12,3024.069,272.4786411,20.00935397,
6/13/2018 14:12,3025.139,274.0138626,20.86014872,
6/13/2018 14:12,3026.21,276.4530432,20.31441587,
6/13/2018 14:12,3027.282,266.9023988,20.65310277,
6/13/2018 14:12,3028.353,273.1742737,21.2084088,
6/13/2018 14:12,3029.422,277.4767252,21.27655364,
6/13/2018 14:12,3030.493,278.7943378,21.07079866,
6/13/2018 14:12,3031.565,278.2302026,21.89276394,
6/13/2018 14:12,3032.635,277.4650072,21.58556434,
6/13/2018 14:12,3033.707,279.2598619,21.98606512,
6/13/2018 14:12,3034.778,275.978342,22.48030237,
6/13/2018 14:12,3035.848,281.2808304,21.22157659,
6/13/2018 14:12,3036.919,269.0057283,20.7397582,
6/13/2018 14:12,3037.989,276.4900135,21.26285518,
6/13/2018 14:12,3039.062,272.8286241,20.58952631,
6/13/2018 14:12,3040.133,270.3212622,20.66558373,
6/13/2018 14:12,3041.204,273.5602451,20.22541707,
6/13/2018 14:12,3042.276,271.8065358,20.4044322,
6/13/2018 14:12,3043.347,278.8150673,20.49680537,
6/13/2018 14:12,3044.419,279.5675483,20.32854716,
6/13/2018 14:13,3045.49,271.4623048,20.58279296,
6/13/2018 14:13,3046.564,277.1390499,20.85890867,
6/13/2018 14:13,3047.634,281.3701876,21.66549266,
6/13/2018 14:13,3048.705,273.0950545,21.468466,
6/13/2018 14:13,3049.774,271.6141315,20.47848122,
6/13/2018 14:13,3050.845,273.8728247,20.31250009,
6/13/2018 14:13,3051.917,279.326771,20.44657385,
6/13/2018 14:13,3052.988,276.8194408,21.03330198,
6/13/2018 14:13,3054.059,271.4296886,20.46290377,
6/13/2018 14:13,3055.13,274.8252312,20.20722038,
6/13/2018 14:13,3056.202,275.888861,20.04280783,
6/13/2018 14:13,3057.273,277.0518655,20.34679832,
6/13/2018 14:13,3058.345,276.489129,20.48450698,
6/13/2018 14:13,3059.416,279.6308031,20.55413063,
6/13/2018 14:13,3060.486,274.3121041,20.42751645,
6/13/2018 14:13,3061.557,273.3536356,20.6425362,
6/13/2018 14:13,3062.631,268.8442618,19.36949304,
6/13/2018 14:13,3063.703,275.6797864,21.26148632,
6/13/2018 14:13,3064.776,280.8892348,20.80058405,
6/13/2018 14:13,3065.849,275.9826327,20.21967368,
6/13/2018 14:13,3066.919,268.7820291,20.09560262,
6/13/2018 14:13,3067.99,274.8218014,20.60214053,
6/13/2018 14:13,3069.061,265.6314442,20.37086143,
6/13/2018 14:13,3070.133,274.4328928,20.62810317,
6/13/2018 14:13,3071.204,267.6709694,20.14832958,
6/13/2018 14:13,3072.275,276.4319394,20.79702799,
6/13/2018 14:13,3073.347,270.7511372,21.14232196,
6/13/2018 14:13,3074.417,280.7994757,21.5235218,
6/13/2018 14:13,3075.487,273.847051,21.30354694,
6/13/2018 14:13,3076.558,271.8362235,22.1126727,
6/13/2018 14:13,3077.63,280.4592005,21.81198548,
6/13/2018 14:13,3078.703,273.7078119,22.01437396,
6/13/2018 14:13,3079.774,277.8666647,22.03753791,
6/13/2018 14:13,3080.845,272.3205833,22.34313916,
6/13/2018 14:13,3081.916,276.943984,22.56166826,
6/13/2018 14:13,3082.987,277.0635571,21.38900254,
6/13/2018 14:13,3084.057,277.0603096,21.49184164,
6/13/2018 14:13,3085.129,268.3935262,21.96309418,
6/13/2018 14:13,3086.2,270.0718664,21.75685318,
6/13/2018 14:13,3087.272,274.9507511,21.00504985,
6/13/2018 14:13,3088.342,276.5088289,21.50425602,
6/13/2018 14:13,3089.414,274.4577466,21.64210556,
6/13/2018 14:13,3090.484,274.235793,21.65444137,
6/13/2018 14:13,3091.554,274.0612124,21.47565859,
6/13/2018 14:13,3092.626,274.2958497,21.41720301,
6/13/2018 14:13,3093.697,277.6308105,21.23464967,
6/13/2018 14:13,3094.767,275.0524688,20.74004229,
6/13/2018 14:13,3095.839,275.4978123,21.05861891,
6/13/2018 14:13,3096.911,272.9903745,20.78878732,
6/13/2018 14:13,3097.985,271.1841979,20.4090417,
6/13/2018 14:13,3099.057,273.1356742,20.98583601,
6/13/2018 14:13,3100.127,273.5363727,21.1206466,
6/13/2018 14:13,3101.199,274.9793781,20.79666281,
6/13/2018 14:13,3102.273,272.0049214,20.46609695,
6/13/2018 14:13,3103.344,270.2253679,20.96837671,
6/13/2018 14:13,3104.415,277.0879812,21.07678889,
6/13/2018 14:14,3105.487,268.6075561,20.82446842,
6/13/2018 14:14,3106.558,276.1049681,20.82510073,
6/13/2018 14:14,3107.631,276.7222184,21.63321119,
6/13/2018 14:14,3108.703,269.5491241,21.04683177,
6/13/2018 14:14,3109.774,269.4141384,21.29668396,
6/13/2018 14:14,3110.848,280.0050554,22.01849691,
6/13/2018 14:14,3111.921,276.4156053,20.94811774,
6/13/2018 14:14,3112.992,273.0052412,20.47285143,
6/13/2018 14:14,3114.064,269.5039948,20.6513571,
6/13/2018 14:14,3115.135,273.6246305,20.04281847,
6/13/2018 14:14,3116.206,272.097979,20.51905892,
6/13/2018 14:14,3117.278,268.6608282,19.63639751,
6/13/2018 14:14,3118.349,267.4575077,18.58321658,
6/13/2018 14:14,3119.419,265.9613779,18.97167458,
6/13/2018 14:14,3120.49,266.9348433,19.18419478,
6/13/2018 14:14,3121.561,267.9494919,19.32434936,
6/13/2018 14:14,3122.631,271.0005375,19.30276624,
6/13/2018 14:14,3123.703,272.3596605,19.61257083,
6/13/2018 14:14,3124.775,269.5501143,18.91867934,
6/13/2018 14:14,3125.845,269.7989836,19.08868923,
6/13/2018 14:14,3126.915,269.5507481,19.70014315,
6/13/2018 14:14,3127.987,271.2407063,20.54748156,
6/13/2018 14:14,3129.058,280.4140887,19.86632893,
6/13/2018 14:14,3130.128,274.5875907,20.00861148,
6/13/2018 14:14,3131.199,275.8358799,19.49084429,
6/13/2018 14:14,3132.268,268.3380493,19.23426557,
6/13/2018 14:14,3133.339,272.3069255,19.79374289,
6/13/2018 14:14,3134.411,276.7106004,20.04957765,
6/13/2018 14:14,3135.483,271.2259444,18.78684269,
6/13/2018 14:14,3136.552,267.903661,19.47330393,
6/13/2018 14:14,3137.624,269.9352561,18.44309056,
6/13/2018 14:14,3138.695,273.5544339,19.46876599,
6/13/2018 14:14,3139.768,266.1095835,18.8505379,
6/13/2018 14:14,3140.838,269.8221045,18.78325935,
6/13/2018 14:14,3141.91,265.3598036,19.23466247,
6/13/2018 14:14,3142.981,271.2201861,19.51950889,
6/13/2018 14:14,3144.05,271.5577907,19.54848296,
6/13/2018 14:14,3145.119,268.6593012,19.45625209,
6/13/2018 14:14,3146.191,269.2237425,18.94409682,
6/13/2018 14:14,3147.263,267.1326206,19.46116632,
6/13/2018 14:14,3148.334,269.0516999,19.98957576,
6/13/2018 14:14,3149.405,270.2763465,19.6746771,
6/13/2018 14:14,3150.475,270.8493412,19.49111039,
6/13/2018 14:14,3151.546,268.0945575,19.07253064,
6/13/2018 14:14,3152.614,269.8383513,18.43567687,
6/13/2018 14:14,3153.684,270.1540557,19.24762045,
6/13/2018 14:14,3154.755,265.3451492,18.48879261,
6/13/2018 14:14,3155.828,268.8926322,19.14520459,
6/13/2018 14:14,3156.898,264.3719031,18.48780675,
6/13/2018 14:14,3157.969,266.2392798,19.18775158,
6/13/2018 14:14,3159.041,268.239235,18.86929101,
6/13/2018 14:14,3160.111,265.6561385,18.87290552,
6/13/2018 14:14,3161.179,275.4482131,19.66302139,
6/13/2018 14:14,3162.253,261.4612045,19.3570595,
6/13/2018 14:14,3163.321,266.8702143,19.26641888,
6/13/2018 14:14,3164.39,263.9844903,18.83588725,
6/13/2018 14:15,3165.46,263.8732554,18.57484377,
6/13/2018 14:15,3166.528,259.9630725,18.25939536,
6/13/2018 14:15,3167.598,265.9690973,18.91856065,
6/13/2018 14:15,3168.667,264.6696145,18.98248904,
6/13/2018 14:15,3169.737,274.2786586,19.54982565,
6/13/2018 14:15,3170.807,267.7738323,19.22493327,
6/13/2018 14:15,3171.878,268.3318157,18.23845887,
6/13/2018 14:15,3172.948,264.6027617,18.37139857,
6/13/2018 14:15,3174.019,268.520433,18.66230986,
6/13/2018 14:15,3175.091,261.2559868,18.16611826,
6/13/2018 14:15,3176.163,263.6749809,18.2676798,
6/13/2018 14:15,3177.234,268.4004662,18.03306129,
6/13/2018 14:15,3178.305,267.1432232,18.05303444,
6/13/2018 14:15,3179.375,269.3590765,18.00626916,
6/13/2018 14:15,3180.447,264.0246852,17.80765173,
6/13/2018 14:15,3181.519,267.1383035,18.1662372,
6/13/2018 14:15,3182.589,270.3349633,17.55438749,
6/13/2018 14:15,3183.661,265.1434488,18.66264299,
6/13/2018 14:15,3184.731,269.1332636,19.32278271,
6/13/2018 14:15,3185.803,266.7077481,18.41836177,
6/13/2018 14:15,3186.872,269.7678756,18.44635673,
6/13/2018 14:15,3187.944,263.753626,18.14924237,
6/13/2018 14:15,3189.016,263.2004412,18.65319467,
6/13/2018 14:15,3190.087,264.1691391,17.80192283,
6/13/2018 14:15,3191.158,269.1900074,19.1502773,
6/13/2018 14:15,3192.229,266.5961086,17.94784715,
6/13/2018 14:15,3193.301,267.1649568,18.37862662,
6/13/2018 14:15,3194.372,259.2388915,17.89345814,
6/13/2018 14:15,3195.443,261.9752371,17.29012281,
6/13/2018 14:15,3196.512,263.3086514,18.69790692,
6/13/2018 14:15,3197.584,261.6607023,18.14202666,
6/13/2018 14:15,3198.654,262.5981655,19.17259057,
6/13/2018 14:15,3199.726,269.2823281,17.58366236,
6/13/2018 14:15,3200.797,263.3178519,18.1509494,
6/13/2018 14:15,3201.871,259.0800519,17.87962327,
6/13/2018 14:15,3202.944,266.5487647,18.42655386,
6/13/2018 14:15,3204.016,265.1302437,18.93240539,
6/13/2018 14:15,3205.088,262.9024869,18.05073386,
6/13/2018 14:15,3206.161,272.0420553,19.08295267,
6/13/2018 14:15,3207.233,261.9540095,18.37463115,
6/13/2018 14:15,3208.305,265.083282,18.03771341,
6/13/2018 14:15,3209.375,265.8610775,18.4359569,
6/13/2018 14:15,3210.449,260.3169408,18.52130102,
6/13/2018 14:15,3211.521,270.5648056,18.61787834,
6/13/2018 14:15,3212.592,261.3703033,18.18346616,
6/13/2018 14:15,3213.662,261.3690054,18.68973064,
6/13/2018 14:15,3214.733,266.7232806,18.83661671,
6/13/2018 14:15,3215.805,268.274481,18.72125268,
6/13/2018 14:15,3216.877,266.1495577,18.36968941,
6/13/2018 14:15,3217.945,262.102926,18.6929629,
6/13/2018 14:15,3219.015,261.3188938,18.49598754,
6/13/2018 14:15,3220.086,266.4343792,18.69582199,
6/13/2018 14:15,3221.155,261.1758129,18.44680866,
6/13/2018 14:15,3222.223,263.9067188,19.5669825,
6/13/2018 14:15,3223.292,263.3771076,18.0183998,
6/13/2018 14:15,3224.365,269.6407015,18.79670031,
6/13/2018 14:16,3225.436,259.8471659,18.27961204,
6/13/2018 14:16,3226.507,262.8101401,17.01187395,
6/13/2018 14:16,3227.577,263.7815246,16.76080434,
6/13/2018 14:16,3228.647,261.0811206,17.23745482,
6/13/2018 14:16,3229.717,258.7383101,17.15579249,
6/13/2018 14:16,3230.789,265.0001202,15.65831332,
6/13/2018 14:16,3231.861,258.171503,17.1960098,
6/13/2018 14:16,3232.932,257.4873428,17.21693286,
6/13/2018 14:16,3234.002,260.318242,17.11954308,
6/13/2018 14:16,3235.073,257.6820656,17.54478696,
6/13/2018 14:16,3236.143,259.8893966,17.42552311,
6/13/2018 14:16,3237.213,263.096061,17.2776117,
6/13/2018 14:16,3238.283,262.0367742,17.24490247,
6/13/2018 14:16,3239.354,264.2563703,17.04634188,
6/13/2018 14:16,3240.426,259.3924251,17.08863775,
6/13/2018 14:16,3241.496,262.5181851,17.81243303,
6/13/2018 14:16,3242.569,260.4853595,17.29451701,
6/13/2018 14:16,3243.64,261.014066,17.37013278,
6/13/2018 14:16,3244.711,262.5342817,17.4642572,
6/13/2018 14:16,3245.782,258.4830855,17.63507402,
6/13/2018 14:16,3246.851,261.6280538,17.90711885,
6/13/2018 14:16,3247.924,260.9102052,17.56440343,
6/13/2018 14:16,3248.995,263.1387452,17.96293265,
6/13/2018 14:16,3250.068,257.3309511,17.72245658,
6/13/2018 14:16,3251.138,262.7723119,17.97218449,
6/13/2018 14:16,3252.209,261.9404816,18.16197072,
6/13/2018 14:16,3253.28,261.2311152,17.84714334,
6/13/2018 14:16,3254.351,259.4750347,17.56326107,
6/13/2018 14:16,3255.421,270.8664447,17.99263612,
6/13/2018 14:16,3256.494,257.0330607,17.19828895,
6/13/2018 14:16,3257.567,261.4058711,17.6104889,
6/13/2018 14:16,3258.638,265.5509637,18.4542179,
6/13/2018 14:16,3259.708,262.6824533,18.39193558,
6/13/2018 14:16,3260.779,260.6626834,17.2762161,
6/13/2018 14:16,3261.85,263.2040801,17.60913535,
6/13/2018 14:16,3262.923,260.5168509,17.94894246,
6/13/2018 14:16,3263.994,261.8851616,17.95884068,
6/13/2018 14:16,3265.065,258.5375271,17.98020958,
6/13/2018 14:16,3266.137,261.6225683,18.42017654,
6/13/2018 14:16,3267.208,261.3805109,17.50813487,
6/13/2018 14:16,3268.279,259.2882956,17.4819464,
6/13/2018 14:16,3269.351,258.1821604,17.25897409,
6/13/2018 14:16,3270.421,261.5683647,17.02008625,
6/13/2018 14:16,3271.494,259.257586,16.66643225,
6/13/2018 14:16,3272.564,252.1073709,16.68023889,
6/13/2018 14:16,3273.637,257.3189561,16.891863,
6/13/2018 14:16,3274.707,257.954586,16.98303028,
6/13/2018 14:16,3275.778,252.8511435,16.70180157,
6/13/2018 14:16,3276.849,259.0357695,17.47505362,
6/13/2018 14:16,3277.922,257.6026567,17.4049009,
6/13/2018 14:16,3278.991,255.4656486,16.4756889,
6/13/2018 14:16,3280.062,255.5177651,17.66035888,
6/13/2018 14:16,3281.132,259.0768535,16.96042302,
6/13/2018 14:16,3282.204,257.6743264,16.92446259,
6/13/2018 14:16,3283.276,257.2854253,17.05207627,
6/13/2018 14:16,3284.346,256.5079713,16.92147236,
6/13/2018 14:17,3285.418,256.0214934,17.26485174,
6/13/2018 14:17,3286.491,256.2961291,17.22731224,
6/13/2018 14:17,3287.563,261.1278532,18.38010829,
6/13/2018 14:17,3288.633,256.2881588,17.96368585,
6/13/2018 14:17,3289.704,259.1883182,17.46823478,
6/13/2018 14:17,3290.776,260.0531204,17.34797907,
6/13/2018 14:17,3291.848,259.9500247,17.73407424,
6/13/2018 14:17,3292.919,256.2851601,17.21198591,
6/13/2018 14:17,3293.989,258.2666778,17.76496742,
6/13/2018 14:17,3295.061,265.1690646,17.30207521,
6/13/2018 14:17,3296.133,257.3438274,16.74917309,
6/13/2018 14:17,3297.204,259.2830965,17.68564493,
6/13/2018 14:17,3298.278,254.0365954,16.57254714,
6/13/2018 14:17,3299.349,259.4216986,17.5556506,
6/13/2018 14:17,3300.42,254.329416,16.29204627,
6/13/2018 14:17,3301.492,256.5248069,15.49053474,
6/13/2018 14:17,3302.564,258.2327367,16.58458297,
6/13/2018 14:17,3303.635,257.1299353,16.22509582,
6/13/2018 14:17,3304.705,256.4509933,17.08213143,
6/13/2018 14:17,3305.776,253.5829256,17.00701687,
6/13/2018 14:17,3306.849,260.1395915,17.31993841,
6/13/2018 14:17,3307.919,251.8178387,16.6784664,
6/13/2018 14:17,3308.99,254.5291322,16.27110718,
6/13/2018 14:17,3310.061,255.7611761,17.2046051,
6/13/2018 14:17,3311.133,261.4591546,16.96402846,
6/13/2018 14:17,3312.205,255.8774509,15.94410453,
6/13/2018 14:17,3313.276,253.7142805,15.82425559,
6/13/2018 14:17,3314.346,258.0260677,17.38675044,
6/13/2018 14:17,3315.416,249.5891766,16.25209376,
6/13/2018 14:17,3316.489,257.7317378,16.49142668,
6/13/2018 14:17,3317.558,255.5191934,16.43259594,
6/13/2018 14:17,3318.63,252.1285328,16.33376959,
6/13/2018 14:17,3319.703,253.0377886,16.14283926,
6/13/2018 14:17,3320.774,253.7856194,16.16924113,
6/13/2018 14:17,3321.845,255.5999505,15.73407408,
6/13/2018 14:17,3322.917,250.8661565,15.30185971,
6/13/2018 14:17,3323.988,251.5862692,14.92562274,
6/13/2018 14:17,3325.06,253.0627687,15.57032322,
6/13/2018 14:17,3326.131,251.3105463,15.20088387,
6/13/2018 14:17,3327.202,257.1545026,16.51817703,
6/13/2018 14:17,3328.274,254.2340083,15.33285729,
6/13/2018 14:17,3329.347,251.4151151,15.79007878,
6/13/2018 14:17,3330.418,252.1002921,14.99556644,
6/13/2018 14:17,3331.488,254.5908798,15.2344034,
6/13/2018 14:17,3332.559,256.3908407,16.90368084,
6/13/2018 14:17,3333.632,253.0443019,15.61420277,
6/13/2018 14:17,3334.704,255.9099701,15.89752061,
6/13/2018 14:17,3335.776,257.2687517,16.26102495,
6/13/2018 14:17,3336.847,254.8996397,16.51895279,
6/13/2018 14:17,3337.919,249.9033078,15.05454387,
6/13/2018 14:17,3338.989,253.1221439,15.89806194,
6/13/2018 14:17,3340.062,252.8689229,15.06953962,
6/13/2018 14:17,3341.133,255.8870478,14.35497555,
6/13/2018 14:17,3342.204,259.2064723,15.98896227,
6/13/2018 14:17,3343.275,248.8141798,14.86272068,
6/13/2018 14:17,3344.347,254.5587397,15.10080527,
6/13/2018 14:18,3345.419,255.2039352,14.35022847,
6/13/2018 14:18,3346.489,250.2098835,13.58035061,
6/13/2018 14:18,3347.56,255.8472827,13.69651782,
6/13/2018 14:18,3348.633,258.1205924,13.87093085,
6/13/2018 14:18,3349.701,255.4196882,13.21125742,
6/13/2018 14:18,3350.771,252.1436428,13.94870619,
6/13/2018 14:18,3351.84,253.5662216,13.49216844,
6/13/2018 14:18,3352.911,252.6072867,13.65011225,
6/13/2018 14:18,3353.982,250.6608521,13.0240066,
6/13/2018 14:18,3355.052,254.0031094,13.76333489,
6/13/2018 14:18,3356.124,248.6887324,13.30053952,
6/13/2018 14:18,3357.195,251.7937966,14.16028185,
6/13/2018 14:18,3358.266,252.4501903,13.2318808,
6/13/2018 14:18,3359.336,252.6853637,13.52231102,
6/13/2018 14:18,3360.408,254.7391015,13.99942916,
6/13/2018 14:18,3361.48,253.4595682,14.27075968,
6/13/2018 14:18,3362.551,250.6297618,14.06312247,
6/13/2018 14:18,3363.621,251.1916914,13.26402133,
6/13/2018 14:18,3364.691,255.5744063,13.61135766,
6/13/2018 14:18,3365.761,255.8252613,14.87575806,
6/13/2018 14:18,3366.833,254.1836695,15.28192106,
6/13/2018 14:18,3367.904,251.9606854,14.13943391,
6/13/2018 14:18,3368.974,254.6632945,14.820261,
6/13/2018 14:18,3370.046,257.0243039,15.19056266,
6/13/2018 14:18,3371.118,250.8857907,15.30212177,
6/13/2018 14:18,3372.189,255.2073777,15.20094935,
6/13/2018 14:18,3373.26,253.743378,14.52922202,
6/13/2018 14:18,3374.329,252.9277567,14.75013809,
6/13/2018 14:18,3375.403,248.745936,14.71254759,
6/13/2018 14:18,3376.469,244.5471886,14.39705822,
6/13/2018 14:18,3377.534,248.7773245,14.84577056,
6/13/2018 14:18,3378.6,250.4728674,14.67112214,
6/13/2018 14:18,3379.665,255.1189555,14.61677523,
6/13/2018 14:18,3380.731,255.4214907,13.74413344,
6/13/2018 14:18,3381.796,247.920818,13.93340897,
6/13/2018 14:18,3382.867,252.7447964,13.90193329,
6/13/2018 14:18,3383.94,257.8658277,14.45373789,
6/13/2018 14:18,3385.01,253.596001,14.48556186,
6/13/2018 14:18,3386.076,248.6422756,13.4736942,
6/13/2018 14:18,3387.144,251.9358844,14.08370815,
6/13/2018 14:18,3388.214,249.1351446,13.22828803,
6/13/2018 14:18,3389.286,254.1229655,13.59357469,
6/13/2018 14:18,3390.358,254.1938999,13.15251926,
6/13/2018 14:18,3391.431,247.9339219,13.25654598,
6/13/2018 14:18,3392.502,251.22523,13.37210736,
6/13/2018 14:18,3393.574,248.0141568,13.65855104,
6/13/2018 14:18,3394.644,252.1204366,13.83228771,
6/13/2018 14:18,3395.713,253.486864,13.59357164,
6/13/2018 14:18,3396.783,251.2594061,13.99238621,
6/13/2018 14:18,3397.853,246.4743089,13.63640438,
6/13/2018 14:18,3398.925,253.0754067,14.06909113,
6/13/2018 14:18,3399.997,250.8181004,13.99414925,
6/13/2018 14:18,3401.068,252.6078448,13.70206813,
6/13/2018 14:18,3402.138,250.2596851,13.38525989,
6/13/2018 14:18,3403.204,249.6838528,13.94562114,
6/13/2018 14:18,3404.27,248.5504773,13.09119434,
6/13/2018 14:19,3405.336,252.4545949,13.51276653,
6/13/2018 14:19,3406.401,250.685834,13.11188926,
6/13/2018 14:19,3407.465,247.1177794,12.89312275,
6/13/2018 14:19,3408.531,251.9778046,14.48743093,
6/13/2018 14:19,3409.595,254.4528474,13.86543348,
6/13/2018 14:19,3410.658,251.1317595,13.73820927,
6/13/2018 14:19,3411.723,249.6852316,14.37513297,
6/13/2018 14:19,3412.79,246.7848739,13.97736126,
6/13/2018 14:19,3413.856,254.0227319,14.24052063,
6/13/2018 14:19,3414.928,249.4658272,13.92383239,
6/13/2018 14:19,3416,251.1942477,13.41246101,
6/13/2018 14:19,3417.069,245.0456422,13.86108958,
6/13/2018 14:19,3418.135,255.140034,13.54132946,
6/13/2018 14:19,3419.204,245.0864499,12.97854263,
6/13/2018 14:19,3420.276,245.588143,12.68116974,
6/13/2018 14:19,3421.349,244.539988,13.16291259,
6/13/2018 14:19,3422.42,251.8968044,13.34490317,
6/13/2018 14:19,3423.491,248.762754,13.00190276,
6/13/2018 14:19,3424.559,253.0163604,12.90678098,
6/13/2018 14:19,3425.63,252.3949326,13.67902973,
6/13/2018 14:19,3426.702,244.3298065,12.81282057,
6/13/2018 14:19,3427.773,244.176553,13.78227463,
6/13/2018 14:19,3428.846,250.9597859,13.15236587,
6/13/2018 14:19,3429.917,256.5813222,13.98755775,
6/13/2018 14:19,3430.989,250.0701501,13.61600392,
6/13/2018 14:19,3432.061,246.4924477,13.79353694,
6/13/2018 14:19,3433.133,249.0199221,14.02665627,
6/13/2018 14:19,3434.206,249.0447759,14.35559878,
6/13/2018 14:19,3435.277,246.6232503,13.31505213,
6/13/2018 14:19,3436.348,246.0197546,14.70429777,
6/13/2018 14:19,3437.419,253.110743,14.90222196,
6/13/2018 14:19,3438.489,252.7282271,14.35110248,
6/13/2018 14:19,3439.561,246.0360349,13.71649777,
6/13/2018 14:19,3440.632,248.1007573,13.24471761,
6/13/2018 14:19,3441.699,250.811494,14.07809877,
6/13/2018 14:19,3442.764,250.694056,13.63080204,
6/13/2018 14:19,3443.831,247.4634378,13.31345638,
6/13/2018 14:19,3444.902,242.1660248,13.2444948,
6/13/2018 14:19,3445.973,249.2511002,14.00101213,
6/13/2018 14:19,3447.044,250.401957,14.07884674,
6/13/2018 14:19,3448.116,248.9457216,13.50742352,
6/13/2018 14:19,3449.187,252.9614872,13.40729696,
6/13/2018 14:19,3450.256,244.8977984,13.17057487,
6/13/2018 14:19,3451.327,245.5943052,13.29441133,
6/13/2018 14:19,3452.396,244.4744323,12.36658393,
6/13/2018 14:19,3453.465,242.9083837,12.60868156,
6/13/2018 14:19,3454.533,247.3140794,13.03204011,
6/13/2018 14:19,3455.603,248.2828563,12.80927559,
6/13/2018 14:19,3456.671,240.139429,11.66158892,
6/13/2018 14:19,3457.739,244.3486445,12.71740638,
6/13/2018 14:19,3458.808,244.2206515,11.34967623,
6/13/2018 14:19,3459.88,241.4566991,11.51380321,
6/13/2018 14:19,3460.951,245.2124062,12.84617649,
6/13/2018 14:19,3462.016,244.3517028,11.87877676,
6/13/2018 14:19,3463.08,244.285786,11.68315215,
6/13/2018 14:19,3464.146,245.6656787,12.54049213,
6/13/2018 14:20,3465.212,244.471312,11.72947476,
6/13/2018 14:20,3466.277,249.1856542,12.42433476,
6/13/2018 14:20,3467.342,244.0913824,12.25587886,
6/13/2018 14:20,3468.408,245.8594224,12.09379252,
6/13/2018 14:20,3469.473,247.7011224,12.81212004,
6/13/2018 14:20,3470.538,249.802259,13.11448046,
6/13/2018 14:20,3471.603,240.5870595,13.18185426,
6/13/2018 14:20,3472.667,242.6336823,11.82296987,
6/13/2018 14:20,3473.734,242.9547029,12.95372215,
6/13/2018 14:20,3474.799,241.9210549,12.86792485,
6/13/2018 14:20,3475.863,246.3065972,13.78224644,
6/13/2018 14:20,3476.928,242.2906589,13.12334624,
6/13/2018 14:20,3477.993,246.6300011,13.04318658,
6/13/2018 14:20,3479.059,241.491514,12.59473328,
6/13/2018 14:20,3480.127,245.4696436,12.69492128,
6/13/2018 14:20,3481.198,241.6490592,12.05790038,
6/13/2018 14:20,3482.27,241.6975234,11.81448776,
6/13/2018 14:20,3483.34,244.7255007,12.49604132,
6/13/2018 14:20,3484.411,241.6396117,11.70836179,
6/13/2018 14:20,3485.483,243.3978306,11.5570043,
6/13/2018 14:20,3486.555,245.0109559,11.40650866,
6/13/2018 14:20,3487.625,242.1377956,11.23029504,
6/13/2018 14:20,3488.696,243.5293449,11.96796585,
6/13/2018 14:20,3489.766,239.9685435,11.27293629,
6/13/2018 14:20,3490.836,244.9256435,11.53350659,
6/13/2018 14:20,3491.907,241.2356553,12.37113087,
6/13/2018 14:20,3492.979,242.7830705,11.49568432,
6/13/2018 14:20,3494.05,239.1017219,12.21154899,
6/13/2018 14:20,3495.12,242.508993,11.77946314,
6/13/2018 14:20,3496.192,244.4150348,11.82558571,
6/13/2018 14:20,3497.264,242.5610867,11.83096559,
6/13/2018 14:20,3498.334,241.5146298,12.35457514,
6/13/2018 14:20,3499.408,241.0175576,12.39353221,
6/13/2018 14:20,3500.478,239.4849179,12.06998815,
6/13/2018 14:20,3501.549,238.3176601,11.22726556,
6/13/2018 14:20,3502.619,236.605678,11.51567104,
6/13/2018 14:20,3503.688,241.8303987,10.93350729,
6/13/2018 14:20,3504.752,237.9597685,11.93326462,
6/13/2018 14:20,3505.817,240.1422674,11.79383005,
6/13/2018 14:20,3506.885,240.5864853,12.54409565,
6/13/2018 14:20,3507.956,239.6171064,12.52139832,
6/13/2018 14:20,3509.026,240.8551997,12.66313903,
6/13/2018 14:20,3510.096,241.7357117,12.39745244,
6/13/2018 14:20,3511.162,241.4088113,12.90058784,
6/13/2018 14:20,3512.231,242.4062458,13.21575589,
6/13/2018 14:20,3513.3,243.6666107,13.00349322,
6/13/2018 14:20,3514.369,239.9577228,12.69642255,
6/13/2018 14:20,3515.436,237.9378722,12.37344539,
6/13/2018 14:20,3516.509,243.5241726,12.47012833,
6/13/2018 14:20,3517.58,241.0730405,12.72159933,
6/13/2018 14:20,3518.651,240.5577695,11.61911923,
6/13/2018 14:20,3519.724,236.9391154,11.96940496,
6/13/2018 14:20,3520.794,236.4427699,12.29326938,
6/13/2018 14:20,3521.865,240.8534381,12.22765273,
6/13/2018 14:20,3522.935,240.7407657,11.93149838,
6/13/2018 14:20,3524.005,234.3834722,11.53253447,
6/13/2018 14:21,3525.075,241.4908334,12.57437659,
6/13/2018 14:21,3526.148,239.6169832,11.67377701,
6/13/2018 14:21,3527.219,238.5361446,11.63358176,
6/13/2018 14:21,3528.292,242.2880261,12.54610828,
6/13/2018 14:21,3529.362,239.9713298,11.58590483,
6/13/2018 14:21,3530.43,240.2088126,11.5410641,
6/13/2018 14:21,3531.5,238.9086137,10.9293554,
6/13/2018 14:21,3532.568,241.7061891,11.93095261,
6/13/2018 14:21,3533.635,235.2855137,11.37905188,
6/13/2018 14:21,3534.702,243.331155,11.57810699,
6/13/2018 14:21,3535.77,238.7021148,11.16595001,
6/13/2018 14:21,3536.839,233.4092489,10.69412925,
6/13/2018 14:21,3537.907,238.6359108,10.90431699,
6/13/2018 14:21,3538.976,239.5929098,10.90506826,
6/13/2018 14:21,3540.049,235.6105096,9.91260369,
6/13/2018 14:21,3541.121,238.7637187,10.40794809,
6/13/2018 14:21,3542.193,237.3205764,10.27100531,
6/13/2018 14:21,3543.265,235.2140084,9.934858689,
6/13/2018 14:21,3544.336,237.5040932,11.3129277,
6/13/2018 14:21,3545.406,240.0222968,9.950095374,
6/13/2018 14:21,3546.477,238.8369369,10.96763957,
6/13/2018 14:21,3547.54,237.8294749,11.01357078,
6/13/2018 14:21,3548.605,238.1002871,10.9613139,
6/13/2018 14:21,3549.672,238.395092,10.84228111,
6/13/2018 14:21,3550.735,240.2963743,11.08191959,
6/13/2018 14:21,3551.8,240.2721369,11.03521131,
6/13/2018 14:21,3552.867,237.420142,10.58294099,
6/13/2018 14:21,3553.935,236.3156978,10.77113741,
6/13/2018 14:21,3555.005,241.0486249,10.55309315,
6/13/2018 14:21,3556.075,234.5468466,12.14401929,
6/13/2018 14:21,3557.147,241.513612,11.55473845,
6/13/2018 14:21,3558.22,238.4984801,12.68950002,
6/13/2018 14:21,3559.292,242.197393,12.26884146,
6/13/2018 14:21,3560.363,239.7153051,12.26349299,
6/13/2018 14:21,3561.434,237.265759,11.76632437,
6/13/2018 14:21,3562.504,239.595862,12.71202129,
6/13/2018 14:21,3563.57,240.3947793,11.95260733,
6/13/2018 14:21,3564.638,237.3467464,12.1392846,
6/13/2018 14:21,3565.707,240.090388,12.11002322,
6/13/2018 14:21,3566.778,234.2581097,11.37431214,
6/13/2018 14:21,3567.848,236.1041057,11.18595492,
6/13/2018 14:21,3568.917,232.8751287,11.37715992,
6/13/2018 14:21,3569.986,237.1363518,11.62071091,
6/13/2018 14:21,3571.056,236.3521489,11.76819387,
6/13/2018 14:21,3572.121,233.6793914,10.46490416,
6/13/2018 14:21,3573.186,232.628689,11.29151261,
6/13/2018 14:21,3574.252,236.5803744,10.66835178,
6/13/2018 14:21,3575.316,232.3635426,9.620840797,
6/13/2018 14:21,3576.382,231.3997867,9.386907003,
6/13/2018 14:21,3577.447,233.9937331,9.629215213,
6/13/2018 14:21,3578.512,229.5834643,9.793688475,
6/13/2018 14:21,3579.576,234.8792616,9.666601102,
6/13/2018 14:21,3580.645,232.3580113,9.403041038,
6/13/2018 14:21,3581.715,241.1843049,10.14406347,
6/13/2018 14:21,3582.784,231.0268285,10.61296097,
6/13/2018 14:21,3583.853,236.1718528,10.69174122,
6/13/2018 14:22,3584.922,232.8328202,11.41086626,
6/13/2018 14:22,3585.993,233.9988829,11.17191564,
6/13/2018 14:22,3587.063,236.6616686,11.05884662,
6/13/2018 14:22,3588.132,237.28448,11.58435849,
6/13/2018 14:22,3589.203,235.4719123,11.61570754,
6/13/2018 14:22,3590.272,228.1505202,11.60980775,
6/13/2018 14:22,3591.344,237.5409339,11.22114093,
6/13/2018 14:22,3592.416,238.2445997,11.40916656,
6/13/2018 14:22,3593.487,232.4415284,10.92891702,
6/13/2018 14:22,3594.553,234.6556231,10.53447544,
6/13/2018 14:22,3595.619,233.4116578,10.1517481,
6/13/2018 14:22,3596.689,237.5653085,11.09949475,
6/13/2018 14:22,3597.76,234.6426124,10.88059116,
6/13/2018 14:22,3598.831,235.6510382,10.70443453,
6/13/2018 14:22,3599.901,236.242475,10.90872595,
6/13/2018 14:22,3600.971,230.6653521,10.69708401,
6/13/2018 14:22,3602.042,231.4243598,10.4465041,
6/13/2018 14:22,3603.113,235.6936442,10.98498952,
6/13/2018 14:22,3604.183,234.037379,10.4933001,
6/13/2018 14:22,3605.255,234.0823302,10.83601958,
6/13/2018 14:22,3606.325,233.4858133,9.997381794,
6/13/2018 14:22,3607.395,234.5577413,10.08871831,
6/13/2018 14:22,3608.466,230.4414638,10.40648053,
6/13/2018 14:22,3609.538,234.9513538,11.10894666,
6/13/2018 14:22,3610.609,230.614152,10.25199145,
6/13/2018 14:22,3611.68,233.375612,9.596492444,
6/13/2018 14:22,3612.752,235.3887986,9.802653951,
6/13/2018 14:22,3613.822,229.8671485,10.45029706,
6/13/2018 14:22,3614.893,235.7426432,9.423995471,
6/13/2018 14:22,3615.963,232.5252857,8.998507238,
6/13/2018 14:22,3617.034,231.9740996,9.510056025,
6/13/2018 14:22,3618.104,231.3491783,8.989064191,
6/13/2018 14:22,3619.175,238.303223,9.796068876,
6/13/2018 14:22,3620.246,231.5471833,9.600542728,
6/13/2018 14:22,3621.316,237.4126095,9.890621357,
6/13/2018 14:22,3622.387,234.5202035,9.620714046,
6/13/2018 14:22,3623.458,229.8027124,9.379341916,
6/13/2018 14:22,3624.529,233.9739026,9.58273631,
6/13/2018 14:22,3625.599,230.524754,9.276507708,
6/13/2018 14:22,3626.67,230.3460621,9.391008163,
6/13/2018 14:22,3627.738,231.5533381,10.68165828,
6/13/2018 14:22,3628.809,232.6582867,10.49097372,
6/13/2018 14:22,3629.881,232.9016042,10.32037853,
6/13/2018 14:22,3630.951,230.5354416,10.59143263,
6/13/2018 14:22,3632.021,229.1040247,9.505790696,
6/13/2018 14:22,3633.093,231.6900288,9.803373328,
6/13/2018 14:22,3634.165,231.1895674,9.000815818,
6/13/2018 14:22,3635.235,228.2648595,8.796897429,
6/13/2018 14:22,3636.305,230.4140418,9.423000049,
6/13/2018 14:22,3637.376,231.8500711,9.498511429,
6/13/2018 14:22,3638.448,232.1363328,9.080763524,
6/13/2018 14:22,3639.519,227.2697341,9.178677689,
6/13/2018 14:22,3640.59,226.2557591,9.193003817,
6/13/2018 14:22,3641.661,228.1230169,9.458913969,
6/13/2018 14:22,3642.733,237.756213,9.034143382,
6/13/2018 14:22,3643.802,228.8706556,8.974902574,
6/13/2018 14:23,3644.873,230.6735266,8.637422384,
6/13/2018 14:23,3645.944,226.571351,9.56490005,
6/13/2018 14:23,3647.017,229.3135371,8.962597202,
6/13/2018 14:23,3648.087,229.5492691,9.222071991,
6/13/2018 14:23,3649.159,228.4407873,9.563740583,
6/13/2018 14:23,3650.231,230.0808702,10.21625563,
6/13/2018 14:23,3651.302,229.5902962,8.9427426,
6/13/2018 14:23,3652.372,226.4117328,9.240769869,
6/13/2018 14:23,3653.443,234.913455,8.424975495,
6/13/2018 14:23,3654.514,228.2477361,9.210036572,
6/13/2018 14:23,3655.586,230.9468387,9.423682991,
6/13/2018 14:23,3656.656,232.8116815,10.0007148,
6/13/2018 14:23,3657.725,225.9692949,9.264995406,
6/13/2018 14:23,3658.795,227.9009813,9.047694893,
6/13/2018 14:23,3659.866,229.5885617,9.075022953,
6/13/2018 14:23,3660.937,226.2226234,7.958029303,
6/13/2018 14:23,3662.009,227.4737425,8.234646201,
6/13/2018 14:23,3663.078,228.9606832,8.472048975,
6/13/2018 14:23,3664.149,232.0362336,9.283731018,
6/13/2018 14:23,3665.221,230.6692445,8.80457683,
6/13/2018 14:23,3666.291,224.8164886,8.529492939,
6/13/2018 14:23,3667.366,226.6851799,8.268323587,
6/13/2018 14:23,3668.433,230.6369431,9.391875821,
6/13/2018 14:23,3669.501,227.1924089,9.113924836,
6/13/2018 14:23,3670.566,230.1763854,9.193766238,
6/13/2018 14:23,3671.633,229.4132228,9.082020859,
6/13/2018 14:23,3672.697,226.2433326,8.776916807,
6/13/2018 14:23,3673.763,226.8679377,8.372127312,
6/13/2018 14:23,3674.833,229.9667646,8.590398235,
6/13/2018 14:23,3675.901,223.5983303,8.000489171,
6/13/2018 14:23,3676.969,229.311609,7.959132273,
6/13/2018 14:23,3678.039,226.9260996,7.646275824,
6/13/2018 14:23,3679.109,228.421982,8.025131946,
6/13/2018 14:23,3680.179,226.492714,8.15082054,
6/13/2018 14:23,3681.265,225.8104062,8.029065456,
6/13/2018 14:23,3682.335,226.7512823,7.739890158,
6/13/2018 14:23,3683.405,226.3168089,7.306444277,
6/13/2018 14:23,3684.477,228.8231448,7.220330796,
6/13/2018 14:23,3685.547,226.7835794,7.120246882,
6/13/2018 14:23,3686.619,223.2887849,7.346419084,
6/13/2018 14:23,3687.688,229.7199932,7.376107487,
6/13/2018 14:23,3688.758,226.2702764,7.462554643,
6/13/2018 14:23,3689.83,222.7528493,7.606281682,
6/13/2018 14:23,3690.901,228.5988181,8.084876324,
6/13/2018 14:23,3691.973,229.010248,8.241807348,
6/13/2018 14:23,3693.044,226.8223129,8.249936649,
6/13/2018 14:23,3694.114,229.3896136,8.698924139,
6/13/2018 14:23,3695.186,224.4770899,8.52910737,
6/13/2018 14:23,3696.25,226.8661919,8.645596568,
6/13/2018 14:23,3697.315,231.8894543,8.454784691,
6/13/2018 14:23,3698.38,229.6082253,8.44643358,
6/13/2018 14:23,3699.445,222.6240899,9.039820108,
6/13/2018 14:23,3700.511,225.7780724,8.982672583,
6/13/2018 14:23,3701.577,223.8255082,9.26242518,
6/13/2018 14:23,3702.642,230.4971421,8.734506829,
6/13/2018 14:23,3703.707,228.9913359,8.916016897,
6/13/2018 14:24,3704.773,230.9673964,9.535070358,
6/13/2018 14:24,3705.838,232.844264,9.50642183,
6/13/2018 14:24,3706.903,223.4416309,8.885113491,
6/13/2018 14:24,3707.967,226.0560904,8.020231396,
6/13/2018 14:24,3709.031,222.1722356,8.250899764,
6/13/2018 14:24,3710.097,225.8970639,8.421625311,
6/13/2018 14:24,3711.161,223.1890885,7.859861629,
6/13/2018 14:24,3712.226,228.100694,8.430497032,
6/13/2018 14:24,3713.292,225.0064229,8.438827281,
6/13/2018 14:24,3714.359,226.462077,7.790561493,
6/13/2018 14:24,3715.424,226.6429344,8.293522829,
6/13/2018 14:24,3716.488,229.7093236,8.886147599,
6/13/2018 14:24,3717.554,226.7926857,8.395696999,
6/13/2018 14:24,3718.62,226.7677913,8.269988312,
6/13/2018 14:24,3719.685,229.406639,9.092226705,
6/13/2018 14:24,3720.751,227.3446815,8.490430788,
6/13/2018 14:24,3721.816,227.3495554,8.345986381,
6/13/2018 14:24,3722.881,224.8947579,8.450732812,
6/13/2018 14:24,3723.946,227.0770798,9.082828001,
6/13/2018 14:24,3725.012,223.8237297,8.346906358,
6/13/2018 14:24,3726.077,221.8899794,8.129183461,
6/13/2018 14:24,3727.14,227.3367921,8.792488046,
6/13/2018 14:24,3728.204,229.4684478,8.333923954,
6/13/2018 14:24,3729.27,225.9492816,8.802777995,
6/13/2018 14:24,3730.334,229.3783618,8.935979997,
6/13/2018 14:24,3731.401,230.087639,8.66707865,
6/13/2018 14:24,3732.465,224.8185056,8.442358562,
6/13/2018 14:24,3733.531,228.8754426,8.308488869,
6/13/2018 14:24,3734.597,227.0851202,7.466970236,
6/13/2018 14:24,3735.663,229.4182053,7.841693775,
6/13/2018 14:24,3736.728,223.6943308,7.747132737,
6/13/2018 14:24,3737.793,225.4102314,7.553365018,
6/13/2018 14:24,3738.858,225.3325024,7.410899646,
6/13/2018 14:24,3739.924,227.4861911,8.290980547,
6/13/2018 14:24,3740.988,222.8149703,7.471765728,
6/13/2018 14:24,3742.052,226.3521591,8.223209546,
6/13/2018 14:24,3743.118,227.1125869,8.635024291,
6/13/2018 14:24,3744.185,227.4782149,8.445121422,
6/13/2018 14:24,3745.255,221.8109075,7.711591761,
6/13/2018 14:24,3746.325,227.5030066,8.238462078,
6/13/2018 14:24,3747.393,217.7174914,7.511589638,
6/13/2018 14:24,3748.464,222.206216,8.136281269,
6/13/2018 14:24,3749.533,226.3820741,7.973501101,
6/13/2018 14:24,3750.603,223.9119619,8.047882347,
6/13/2018 14:24,3751.671,225.0558515,8.088888849,
6/13/2018 14:24,3752.74,224.8907436,8.518764613,
6/13/2018 14:24,3753.809,228.6594811,8.202534097,
6/13/2018 14:24,3754.876,223.9431898,8.018901294,
6/13/2018 14:24,3755.944,222.4353979,7.781602475,
6/13/2018 14:24,3757.012,221.7150743,7.935864392,
6/13/2018 14:24,3758.08,223.9280932,6.837734488,
6/13/2018 14:24,3759.146,217.8028963,5.876295573,
6/13/2018 14:24,3760.212,223.1299746,6.025648618,
6/13/2018 14:24,3761.277,220.4239862,6.167745322,
6/13/2018 14:24,3762.343,220.2438693,6.706358491,
6/13/2018 14:24,3763.41,222.2026692,6.379238495,
6/13/2018 14:24,3764.48,218.3207558,6.644421265,
6/13/2018 14:25,3765.545,228.8313008,6.929899081,
6/13/2018 14:25,3766.61,224.4223004,6.838948032,
6/13/2018 14:25,3767.674,220.5536879,7.35434485,
6/13/2018 14:25,3768.74,217.6922533,7.954786799,
6/13/2018 14:25,3769.805,227.1473928,7.834201877,
6/13/2018 14:25,3770.871,225.9946083,7.610821996,
6/13/2018 14:25,3771.937,221.8436808,7.439240343,
6/13/2018 14:25,3773.002,220.5187737,8.071706003,
